datasets,count
"SIBERIA_2024_ESRI_Annual_LULC_2024_45VUG_M_R,SIBERIA_2024_GLC_FCS30D_2022_45VUG_M_R,SIBERIA_2024_GWL_FCS30D_2022_45VUG_M_R,SIBERIA_2024_WorldCover_2021_45VUG_M_R",129
"SIBERIA_2024_ESRI_Annual_LULC_2024_45VUG_M_R,SIBERIA_2024_GLC_FCS30D_2022_45VUG_M_R,SIBERIA_2024_GSW_Yearly_2021_45VUG_M_R,SIBERIA_2024_GWL_FCS30D_2022_45VUG_M_R,SIBERIA_2024_WorldCover_2021_45VUG_M_R",100
"SIBERIA_2024_ESRI_Annual_LULC_2024_45VUG_M_R,SIBERIA_2024_GLC_FCS30D_2022_45VUG_M_R,SIBERIA_2024_WorldCover_2021_45VUG_M_R",87
"SIBERIA_2024_ESRI_Annual_LULC_2024_45VUG_M_R,SIBERIA_2024_GLC_FCS30D_2022_45VUG_M_R,SIBERIA_2024_GSW_Yearly_2021_45VUG_M_R,SIBERIA_2024_WorldCover_2021_45VUG_M_R",70
"SIBERIA_2024_GLC_FCS30D_2022_45VUG_M_R,SIBERIA_2024_WorldCover_2021_45VUG_M_R",29
"SIBERIA_2024_GLC_FCS30D_2022_45VUG_M_R,SIBERIA_2024_GWL_FCS30D_2022_45VUG_M_R,SIBERIA_2024_WorldCover_2021_45VUG_M_R",19
"SIBERIA_2024_ESRI_Annual_LULC_2024_45VUG_M_R,SIBERIA_2024_GWL_FCS30D_2022_45VUG_M_R,SIBERIA_2024_WorldCover_2021_45VUG_M_R",14
"SIBERIA_2024_ESRI_Annual_LULC_2024_45VUG_M_R,SIBERIA_2024_WorldCover_2021_45VUG_M_R",14
"SIBERIA_2024_ESRI_Annual_LULC_2024_45VUG_M_R,SIBERIA_2024_GSW_Yearly_2021_45VUG_M_R,SIBERIA_2024_WorldCover_2021_45VUG_M_R",14
"SIBERIA_2024_GLC_FCS30D_2022_45VUG_M_R,SIBERIA_2024_GSW_Yearly_2021_45VUG_M_R,SIBERIA_2024_GWL_FCS30D_2022_45VUG_M_R,SIBERIA_2024_WorldCover_2021_45VUG_M_R",13
"SIBERIA_2024_ESRI_Annual_LULC_2024_45VUG_M_R,SIBERIA_2024_GLC_FCS30D_2022_45VUG_M_R",12
"SIBERIA_2024_ESRI_Annual_LULC_2024_45VUG_M_R,SIBERIA_2024_GLC_FCS30D_2022_45VUG_M_R,SIBERIA_2024_GWL_FCS30D_2022_45VUG_M_R",9
"SIBERIA_2024_GLC_FCS30D_2022_45VUG_M_R,SIBERIA_2024_GSW_Yearly_2021_45VUG_M_R,SIBERIA_2024_WorldCover_2021_45VUG_M_R",8
"SIBERIA_2024_ESRI_Annual_LULC_2024_45VUG_M_R,SIBERIA_2024_GSW_Yearly_2021_45VUG_M_R,SIBERIA_2024_GWL_FCS30D_2022_45VUG_M_R,SIBERIA_2024_WorldCover_2021_45VUG_M_R",6
"SIBERIA_2024_ESRI_Annual_LULC_2024_45VUG_M_R,SIBERIA_2024_GLC_FCS30D_2022_45VUG_M_R,SIBERIA_2024_GSW_Yearly_2021_45VUG_M_R,SIBERIA_2024_GWL_FCS30D_2022_45VUG_M_R",4
