datasets,count
"SIBERIA_2024_ESRI_Annual_LULC_2024_45VUL_M_R,SIBERIA_2024_GLC_FCS30D_2022_45VUL_M_R,SIBERIA_2024_WorldCover_2021_45VUL_M_R",137
"SIBERIA_2024_ESRI_Annual_LULC_2024_45VUL_M_R,SIBERIA_2024_GLC_FCS30D_2022_45VUL_M_R,SIBERIA_2024_GWL_FCS30D_2022_45VUL_M_R,SIBERIA_2024_WorldCover_2021_45VUL_M_R",126
"SIBERIA_2024_ESRI_Annual_LULC_2024_45VUL_M_R,SIBERIA_2024_GLC_FCS30D_2022_45VUL_M_R,SIBERIA_2024_GSW_Yearly_2021_45VUL_M_R,SIBERIA_2024_GWL_FCS30D_2022_45VUL_M_R,SIBERIA_2024_WorldCover_2021_45VUL_M_R",111
"SIBERIA_2024_ESRI_Annual_LULC_2024_45VUL_M_R,SIBERIA_2024_GLC_FCS30D_2022_45VUL_M_R,SIBERIA_2024_GSW_Yearly_2021_45VUL_M_R,SIBERIA_2024_WorldCover_2021_45VUL_M_R",101
"SIBERIA_2024_GLC_FCS30D_2022_45VUL_M_R,SIBERIA_2024_WorldCover_2021_45VUL_M_R",41
"SIBERIA_2024_GLC_FCS30D_2022_45VUL_M_R,SIBERIA_2024_GSW_Yearly_2021_45VUL_M_R,SIBERIA_2024_WorldCover_2021_45VUL_M_R",34
"SIBERIA_2024_GLC_FCS30D_2022_45VUL_M_R,SIBERIA_2024_GWL_FCS30D_2022_45VUL_M_R,SIBERIA_2024_WorldCover_2021_45VUL_M_R",24
"SIBERIA_2024_GLC_FCS30D_2022_45VUL_M_R,SIBERIA_2024_GSW_Yearly_2021_45VUL_M_R,SIBERIA_2024_GWL_FCS30D_2022_45VUL_M_R,SIBERIA_2024_WorldCover_2021_45VUL_M_R",21
"SIBERIA_2024_ESRI_Annual_LULC_2024_45VUL_M_R,SIBERIA_2024_WorldCover_2021_45VUL_M_R",16
"SIBERIA_2024_ESRI_Annual_LULC_2024_45VUL_M_R,SIBERIA_2024_GWL_FCS30D_2022_45VUL_M_R,SIBERIA_2024_WorldCover_2021_45VUL_M_R",15
"SIBERIA_2024_ESRI_Annual_LULC_2024_45VUL_M_R,SIBERIA_2024_GSW_Yearly_2021_45VUL_M_R,SIBERIA_2024_WorldCover_2021_45VUL_M_R",13
"SIBERIA_2024_ESRI_Annual_LULC_2024_45VUL_M_R,SIBERIA_2024_GLC_FCS30D_2022_45VUL_M_R",8
"SIBERIA_2024_ESRI_Annual_LULC_2024_45VUL_M_R,SIBERIA_2024_GLC_FCS30D_2022_45VUL_M_R,SIBERIA_2024_GWL_FCS30D_2022_45VUL_M_R",6
"SIBERIA_2024_ESRI_Annual_LULC_2024_45VUL_M_R,SIBERIA_2024_GSW_Yearly_2021_45VUL_M_R,SIBERIA_2024_GWL_FCS30D_2022_45VUL_M_R,SIBERIA_2024_WorldCover_2021_45VUL_M_R",5
