datasets,count
"AMAZON_EXTENSION_2024_DynamicWorld_2024_22MBD_M_R,AMAZON_EXTENSION_2024_ESRI_Annual_LULC_2024_22MBD_M_R,AMAZON_EXTENSION_2024_GLC_FCS30D_2022_22MBD_M_R,AMAZON_EXTENSION_2024_GWL_FCS30D_2022_22MBD_M_R,AMAZON_EXTENSION_2024_MapBiomas_10mbeta_2023_22MBD_M_R,AMAZON_EXTENSION_2024_MapBiomas_Collection10_2024_22MBD_M_R,AMAZON_EXTENSION_2024_WorldCover_2021_22MBD_M_R",2330
"AMAZON_EXTENSION_2024_DynamicWorld_2024_22MBD_M_R,AMAZON_EXTENSION_2024_ESRI_Annual_LULC_2024_22MBD_M_R,AMAZON_EXTENSION_2024_GLC_FCS30D_2022_22MBD_M_R,AMAZON_EXTENSION_2024_GSW_Yearly_2021_22MBD_M_R,AMAZON_EXTENSION_2024_GWL_FCS30D_2022_22MBD_M_R,AMAZON_EXTENSION_2024_MapBiomas_10mbeta_2023_22MBD_M_R,AMAZON_EXTENSION_2024_MapBiomas_Collection10_2024_22MBD_M_R,AMAZON_EXTENSION_2024_WorldCover_2021_22MBD_M_R",1770
"AMAZON_EXTENSION_2024_DynamicWorld_2024_22MBD_M_R,AMAZON_EXTENSION_2024_GLC_FCS30D_2022_22MBD_M_R,AMAZON_EXTENSION_2024_GWL_FCS30D_2022_22MBD_M_R,AMAZON_EXTENSION_2024_MapBiomas_10mbeta_2023_22MBD_M_R,AMAZON_EXTENSION_2024_MapBiomas_Collection10_2024_22MBD_M_R,AMAZON_EXTENSION_2024_WorldCover_2021_22MBD_M_R",1037
"AMAZON_EXTENSION_2024_DynamicWorld_2024_22MBD_M_R,AMAZON_EXTENSION_2024_ESRI_Annual_LULC_2024_22MBD_M_R,AMAZON_EXTENSION_2024_GLC_FCS30D_2022_22MBD_M_R,AMAZON_EXTENSION_2024_MapBiomas_10mbeta_2023_22MBD_M_R,AMAZON_EXTENSION_2024_MapBiomas_Collection10_2024_22MBD_M_R,AMAZON_EXTENSION_2024_WorldCover_2021_22MBD_M_R",684
"AMAZON_EXTENSION_2024_DynamicWorld_2024_22MBD_M_R,AMAZON_EXTENSION_2024_GLC_FCS30D_2022_22MBD_M_R,AMAZON_EXTENSION_2024_GSW_Yearly_2021_22MBD_M_R,AMAZON_EXTENSION_2024_GWL_FCS30D_2022_22MBD_M_R,AMAZON_EXTENSION_2024_MapBiomas_10mbeta_2023_22MBD_M_R,AMAZON_EXTENSION_2024_MapBiomas_Collection10_2024_22MBD_M_R,AMAZON_EXTENSION_2024_WorldCover_2021_22MBD_M_R",662
"AMAZON_EXTENSION_2024_ESRI_Annual_LULC_2024_22MBD_M_R,AMAZON_EXTENSION_2024_GLC_FCS30D_2022_22MBD_M_R,AMAZON_EXTENSION_2024_GWL_FCS30D_2022_22MBD_M_R,AMAZON_EXTENSION_2024_MapBiomas_10mbeta_2023_22MBD_M_R,AMAZON_EXTENSION_2024_MapBiomas_Collection10_2024_22MBD_M_R,AMAZON_EXTENSION_2024_WorldCover_2021_22MBD_M_R",478
"AMAZON_EXTENSION_2024_DynamicWorld_2024_22MBD_M_R,AMAZON_EXTENSION_2024_GLC_FCS30D_2022_22MBD_M_R,AMAZON_EXTENSION_2024_MapBiomas_10mbeta_2023_22MBD_M_R,AMAZON_EXTENSION_2024_MapBiomas_Collection10_2024_22MBD_M_R,AMAZON_EXTENSION_2024_WorldCover_2021_22MBD_M_R",409
"AMAZON_EXTENSION_2024_ESRI_Annual_LULC_2024_22MBD_M_R,AMAZON_EXTENSION_2024_GLC_FCS30D_2022_22MBD_M_R,AMAZON_EXTENSION_2024_MapBiomas_10mbeta_2023_22MBD_M_R,AMAZON_EXTENSION_2024_MapBiomas_Collection10_2024_22MBD_M_R,AMAZON_EXTENSION_2024_WorldCover_2021_22MBD_M_R",297
"AMAZON_EXTENSION_2024_GLC_FCS30D_2022_22MBD_M_R,AMAZON_EXTENSION_2024_GWL_FCS30D_2022_22MBD_M_R,AMAZON_EXTENSION_2024_MapBiomas_10mbeta_2023_22MBD_M_R,AMAZON_EXTENSION_2024_MapBiomas_Collection10_2024_22MBD_M_R,AMAZON_EXTENSION_2024_WorldCover_2021_22MBD_M_R",287
"AMAZON_EXTENSION_2024_DynamicWorld_2024_22MBD_M_R,AMAZON_EXTENSION_2024_ESRI_Annual_LULC_2024_22MBD_M_R,AMAZON_EXTENSION_2024_GWL_FCS30D_2022_22MBD_M_R,AMAZON_EXTENSION_2024_MapBiomas_10mbeta_2023_22MBD_M_R,AMAZON_EXTENSION_2024_MapBiomas_Collection10_2024_22MBD_M_R,AMAZON_EXTENSION_2024_WorldCover_2021_22MBD_M_R",279
"AMAZON_EXTENSION_2024_DynamicWorld_2024_22MBD_M_R,AMAZON_EXTENSION_2024_ESRI_Annual_LULC_2024_22MBD_M_R,AMAZON_EXTENSION_2024_GLC_FCS30D_2022_22MBD_M_R,AMAZON_EXTENSION_2024_GWL_FCS30D_2022_22MBD_M_R,AMAZON_EXTENSION_2024_MapBiomas_Collection10_2024_22MBD_M_R,AMAZON_EXTENSION_2024_WorldCover_2021_22MBD_M_R",270
"AMAZON_EXTENSION_2024_ESRI_Annual_LULC_2024_22MBD_M_R,AMAZON_EXTENSION_2024_GLC_FCS30D_2022_22MBD_M_R,AMAZON_EXTENSION_2024_GSW_Yearly_2021_22MBD_M_R,AMAZON_EXTENSION_2024_GWL_FCS30D_2022_22MBD_M_R,AMAZON_EXTENSION_2024_MapBiomas_10mbeta_2023_22MBD_M_R,AMAZON_EXTENSION_2024_MapBiomas_Collection10_2024_22MBD_M_R,AMAZON_EXTENSION_2024_WorldCover_2021_22MBD_M_R",219
"AMAZON_EXTENSION_2024_GLC_FCS30D_2022_22MBD_M_R,AMAZON_EXTENSION_2024_MapBiomas_10mbeta_2023_22MBD_M_R,AMAZON_EXTENSION_2024_MapBiomas_Collection10_2024_22MBD_M_R,AMAZON_EXTENSION_2024_WorldCover_2021_22MBD_M_R",177
"AMAZON_EXTENSION_2024_DynamicWorld_2024_22MBD_M_R,AMAZON_EXTENSION_2024_ESRI_Annual_LULC_2024_22MBD_M_R,AMAZON_EXTENSION_2024_GLC_FCS30D_2022_22MBD_M_R,AMAZON_EXTENSION_2024_GSW_Yearly_2021_22MBD_M_R,AMAZON_EXTENSION_2024_GWL_FCS30D_2022_22MBD_M_R,AMAZON_EXTENSION_2024_MapBiomas_Collection10_2024_22MBD_M_R,AMAZON_EXTENSION_2024_WorldCover_2021_22MBD_M_R",174
"AMAZON_EXTENSION_2024_GLC_FCS30D_2022_22MBD_M_R,AMAZON_EXTENSION_2024_GSW_Yearly_2021_22MBD_M_R,AMAZON_EXTENSION_2024_GWL_FCS30D_2022_22MBD_M_R,AMAZON_EXTENSION_2024_MapBiomas_10mbeta_2023_22MBD_M_R,AMAZON_EXTENSION_2024_MapBiomas_Collection10_2024_22MBD_M_R,AMAZON_EXTENSION_2024_WorldCover_2021_22MBD_M_R",149
"AMAZON_EXTENSION_2024_DynamicWorld_2024_22MBD_M_R,AMAZON_EXTENSION_2024_ESRI_Annual_LULC_2024_22MBD_M_R,AMAZON_EXTENSION_2024_GLC_FCS30D_2022_22MBD_M_R,AMAZON_EXTENSION_2024_GSW_Yearly_2021_22MBD_M_R,AMAZON_EXTENSION_2024_MapBiomas_10mbeta_2023_22MBD_M_R,AMAZON_EXTENSION_2024_MapBiomas_Collection10_2024_22MBD_M_R,AMAZON_EXTENSION_2024_WorldCover_2021_22MBD_M_R",141
"AMAZON_EXTENSION_2024_DynamicWorld_2024_22MBD_M_R,AMAZON_EXTENSION_2024_GWL_FCS30D_2022_22MBD_M_R,AMAZON_EXTENSION_2024_MapBiomas_10mbeta_2023_22MBD_M_R,AMAZON_EXTENSION_2024_MapBiomas_Collection10_2024_22MBD_M_R,AMAZON_EXTENSION_2024_WorldCover_2021_22MBD_M_R",138
"AMAZON_EXTENSION_2024_DynamicWorld_2024_22MBD_M_R,AMAZON_EXTENSION_2024_ESRI_Annual_LULC_2024_22MBD_M_R,AMAZON_EXTENSION_2024_MapBiomas_10mbeta_2023_22MBD_M_R,AMAZON_EXTENSION_2024_MapBiomas_Collection10_2024_22MBD_M_R,AMAZON_EXTENSION_2024_WorldCover_2021_22MBD_M_R",106
"AMAZON_EXTENSION_2024_DynamicWorld_2024_22MBD_M_R,AMAZON_EXTENSION_2024_GLC_FCS30D_2022_22MBD_M_R,AMAZON_EXTENSION_2024_GWL_FCS30D_2022_22MBD_M_R,AMAZON_EXTENSION_2024_MapBiomas_Collection10_2024_22MBD_M_R,AMAZON_EXTENSION_2024_WorldCover_2021_22MBD_M_R",85
"AMAZON_EXTENSION_2024_DynamicWorld_2024_22MBD_M_R,AMAZON_EXTENSION_2024_ESRI_Annual_LULC_2024_22MBD_M_R,AMAZON_EXTENSION_2024_GSW_Yearly_2021_22MBD_M_R,AMAZON_EXTENSION_2024_GWL_FCS30D_2022_22MBD_M_R,AMAZON_EXTENSION_2024_MapBiomas_10mbeta_2023_22MBD_M_R,AMAZON_EXTENSION_2024_MapBiomas_Collection10_2024_22MBD_M_R,AMAZON_EXTENSION_2024_WorldCover_2021_22MBD_M_R",77
"AMAZON_EXTENSION_2024_DynamicWorld_2024_22MBD_M_R,AMAZON_EXTENSION_2024_MapBiomas_10mbeta_2023_22MBD_M_R,AMAZON_EXTENSION_2024_MapBiomas_Collection10_2024_22MBD_M_R,AMAZON_EXTENSION_2024_WorldCover_2021_22MBD_M_R",64
"AMAZON_EXTENSION_2024_DynamicWorld_2024_22MBD_M_R,AMAZON_EXTENSION_2024_ESRI_Annual_LULC_2024_22MBD_M_R,AMAZON_EXTENSION_2024_GLC_FCS30D_2022_22MBD_M_R,AMAZON_EXTENSION_2024_MapBiomas_Collection10_2024_22MBD_M_R,AMAZON_EXTENSION_2024_WorldCover_2021_22MBD_M_R",59
"AMAZON_EXTENSION_2024_ESRI_Annual_LULC_2024_22MBD_M_R,AMAZON_EXTENSION_2024_GWL_FCS30D_2022_22MBD_M_R,AMAZON_EXTENSION_2024_MapBiomas_10mbeta_2023_22MBD_M_R,AMAZON_EXTENSION_2024_MapBiomas_Collection10_2024_22MBD_M_R,AMAZON_EXTENSION_2024_WorldCover_2021_22MBD_M_R",57
"AMAZON_EXTENSION_2024_DynamicWorld_2024_22MBD_M_R,AMAZON_EXTENSION_2024_ESRI_Annual_LULC_2024_22MBD_M_R,AMAZON_EXTENSION_2024_GLC_FCS30D_2022_22MBD_M_R,AMAZON_EXTENSION_2024_MapBiomas_10mbeta_2023_22MBD_M_R,AMAZON_EXTENSION_2024_WorldCover_2021_22MBD_M_R",57
"AMAZON_EXTENSION_2024_DynamicWorld_2024_22MBD_M_R,AMAZON_EXTENSION_2024_ESRI_Annual_LULC_2024_22MBD_M_R,AMAZON_EXTENSION_2024_GLC_FCS30D_2022_22MBD_M_R,AMAZON_EXTENSION_2024_GWL_FCS30D_2022_22MBD_M_R,AMAZON_EXTENSION_2024_MapBiomas_10mbeta_2023_22MBD_M_R,AMAZON_EXTENSION_2024_WorldCover_2021_22MBD_M_R",51
"AMAZON_EXTENSION_2024_DynamicWorld_2024_22MBD_M_R,AMAZON_EXTENSION_2024_GLC_FCS30D_2022_22MBD_M_R,AMAZON_EXTENSION_2024_MapBiomas_10mbeta_2023_22MBD_M_R,AMAZON_EXTENSION_2024_WorldCover_2021_22MBD_M_R",47
"AMAZON_EXTENSION_2024_DynamicWorld_2024_22MBD_M_R,AMAZON_EXTENSION_2024_GLC_FCS30D_2022_22MBD_M_R,AMAZON_EXTENSION_2024_GSW_Yearly_2021_22MBD_M_R,AMAZON_EXTENSION_2024_GWL_FCS30D_2022_22MBD_M_R,AMAZON_EXTENSION_2024_MapBiomas_Collection10_2024_22MBD_M_R,AMAZON_EXTENSION_2024_WorldCover_2021_22MBD_M_R",45
"AMAZON_EXTENSION_2024_GWL_FCS30D_2022_22MBD_M_R,AMAZON_EXTENSION_2024_MapBiomas_10mbeta_2023_22MBD_M_R,AMAZON_EXTENSION_2024_MapBiomas_Collection10_2024_22MBD_M_R,AMAZON_EXTENSION_2024_WorldCover_2021_22MBD_M_R",42
"AMAZON_EXTENSION_2024_ESRI_Annual_LULC_2024_22MBD_M_R,AMAZON_EXTENSION_2024_MapBiomas_10mbeta_2023_22MBD_M_R,AMAZON_EXTENSION_2024_MapBiomas_Collection10_2024_22MBD_M_R,AMAZON_EXTENSION_2024_WorldCover_2021_22MBD_M_R",38
"AMAZON_EXTENSION_2024_DynamicWorld_2024_22MBD_M_R,AMAZON_EXTENSION_2024_GSW_Yearly_2021_22MBD_M_R,AMAZON_EXTENSION_2024_GWL_FCS30D_2022_22MBD_M_R,AMAZON_EXTENSION_2024_MapBiomas_10mbeta_2023_22MBD_M_R,AMAZON_EXTENSION_2024_MapBiomas_Collection10_2024_22MBD_M_R,AMAZON_EXTENSION_2024_WorldCover_2021_22MBD_M_R",37
"AMAZON_EXTENSION_2024_DynamicWorld_2024_22MBD_M_R,AMAZON_EXTENSION_2024_GLC_FCS30D_2022_22MBD_M_R,AMAZON_EXTENSION_2024_GSW_Yearly_2021_22MBD_M_R,AMAZON_EXTENSION_2024_MapBiomas_10mbeta_2023_22MBD_M_R,AMAZON_EXTENSION_2024_MapBiomas_Collection10_2024_22MBD_M_R,AMAZON_EXTENSION_2024_WorldCover_2021_22MBD_M_R",37
"AMAZON_EXTENSION_2024_DynamicWorld_2024_22MBD_M_R,AMAZON_EXTENSION_2024_ESRI_Annual_LULC_2024_22MBD_M_R,AMAZON_EXTENSION_2024_GSW_Yearly_2021_22MBD_M_R,AMAZON_EXTENSION_2024_MapBiomas_10mbeta_2023_22MBD_M_R,AMAZON_EXTENSION_2024_MapBiomas_Collection10_2024_22MBD_M_R,AMAZON_EXTENSION_2024_WorldCover_2021_22MBD_M_R",35
"AMAZON_EXTENSION_2024_DynamicWorld_2024_22MBD_M_R,AMAZON_EXTENSION_2024_GLC_FCS30D_2022_22MBD_M_R,AMAZON_EXTENSION_2024_GWL_FCS30D_2022_22MBD_M_R,AMAZON_EXTENSION_2024_MapBiomas_10mbeta_2023_22MBD_M_R,AMAZON_EXTENSION_2024_WorldCover_2021_22MBD_M_R",33
"AMAZON_EXTENSION_2024_ESRI_Annual_LULC_2024_22MBD_M_R,AMAZON_EXTENSION_2024_GLC_FCS30D_2022_22MBD_M_R,AMAZON_EXTENSION_2024_GWL_FCS30D_2022_22MBD_M_R,AMAZON_EXTENSION_2024_MapBiomas_Collection10_2024_22MBD_M_R,AMAZON_EXTENSION_2024_WorldCover_2021_22MBD_M_R",31
"AMAZON_EXTENSION_2024_GLC_FCS30D_2022_22MBD_M_R,AMAZON_EXTENSION_2024_MapBiomas_10mbeta_2023_22MBD_M_R,AMAZON_EXTENSION_2024_WorldCover_2021_22MBD_M_R",31
"AMAZON_EXTENSION_2024_DynamicWorld_2024_22MBD_M_R,AMAZON_EXTENSION_2024_ESRI_Annual_LULC_2024_22MBD_M_R,AMAZON_EXTENSION_2024_GLC_FCS30D_2022_22MBD_M_R,AMAZON_EXTENSION_2024_GWL_FCS30D_2022_22MBD_M_R,AMAZON_EXTENSION_2024_MapBiomas_10mbeta_2023_22MBD_M_R,AMAZON_EXTENSION_2024_MapBiomas_Collection10_2024_22MBD_M_R",30
"AMAZON_EXTENSION_2024_MapBiomas_10mbeta_2023_22MBD_M_R,AMAZON_EXTENSION_2024_MapBiomas_Collection10_2024_22MBD_M_R,AMAZON_EXTENSION_2024_WorldCover_2021_22MBD_M_R",28
"AMAZON_EXTENSION_2024_DynamicWorld_2024_22MBD_M_R,AMAZON_EXTENSION_2024_GLC_FCS30D_2022_22MBD_M_R,AMAZON_EXTENSION_2024_MapBiomas_Collection10_2024_22MBD_M_R,AMAZON_EXTENSION_2024_WorldCover_2021_22MBD_M_R",25
"AMAZON_EXTENSION_2024_DynamicWorld_2024_22MBD_M_R,AMAZON_EXTENSION_2024_GLC_FCS30D_2022_22MBD_M_R,AMAZON_EXTENSION_2024_GWL_FCS30D_2022_22MBD_M_R,AMAZON_EXTENSION_2024_MapBiomas_10mbeta_2023_22MBD_M_R,AMAZON_EXTENSION_2024_MapBiomas_Collection10_2024_22MBD_M_R",25
"AMAZON_EXTENSION_2024_DynamicWorld_2024_22MBD_M_R,AMAZON_EXTENSION_2024_ESRI_Annual_LULC_2024_22MBD_M_R,AMAZON_EXTENSION_2024_GLC_FCS30D_2022_22MBD_M_R,AMAZON_EXTENSION_2024_GSW_Yearly_2021_22MBD_M_R,AMAZON_EXTENSION_2024_MapBiomas_Collection10_2024_22MBD_M_R,AMAZON_EXTENSION_2024_WorldCover_2021_22MBD_M_R",23
"AMAZON_EXTENSION_2024_DynamicWorld_2024_22MBD_M_R,AMAZON_EXTENSION_2024_ESRI_Annual_LULC_2024_22MBD_M_R,AMAZON_EXTENSION_2024_GWL_FCS30D_2022_22MBD_M_R,AMAZON_EXTENSION_2024_MapBiomas_Collection10_2024_22MBD_M_R,AMAZON_EXTENSION_2024_WorldCover_2021_22MBD_M_R",22
"AMAZON_EXTENSION_2024_ESRI_Annual_LULC_2024_22MBD_M_R,AMAZON_EXTENSION_2024_GLC_FCS30D_2022_22MBD_M_R,AMAZON_EXTENSION_2024_GSW_Yearly_2021_22MBD_M_R,AMAZON_EXTENSION_2024_MapBiomas_10mbeta_2023_22MBD_M_R,AMAZON_EXTENSION_2024_MapBiomas_Collection10_2024_22MBD_M_R,AMAZON_EXTENSION_2024_WorldCover_2021_22MBD_M_R",21
"AMAZON_EXTENSION_2024_GLC_FCS30D_2022_22MBD_M_R,AMAZON_EXTENSION_2024_GWL_FCS30D_2022_22MBD_M_R,AMAZON_EXTENSION_2024_MapBiomas_Collection10_2024_22MBD_M_R,AMAZON_EXTENSION_2024_WorldCover_2021_22MBD_M_R",20
"AMAZON_EXTENSION_2024_DynamicWorld_2024_22MBD_M_R,AMAZON_EXTENSION_2024_GLC_FCS30D_2022_22MBD_M_R,AMAZON_EXTENSION_2024_MapBiomas_10mbeta_2023_22MBD_M_R,AMAZON_EXTENSION_2024_MapBiomas_Collection10_2024_22MBD_M_R",18
"AMAZON_EXTENSION_2024_GLC_FCS30D_2022_22MBD_M_R,AMAZON_EXTENSION_2024_GSW_Yearly_2021_22MBD_M_R,AMAZON_EXTENSION_2024_MapBiomas_10mbeta_2023_22MBD_M_R,AMAZON_EXTENSION_2024_MapBiomas_Collection10_2024_22MBD_M_R,AMAZON_EXTENSION_2024_WorldCover_2021_22MBD_M_R",15
"AMAZON_EXTENSION_2024_GLC_FCS30D_2022_22MBD_M_R,AMAZON_EXTENSION_2024_GWL_FCS30D_2022_22MBD_M_R,AMAZON_EXTENSION_2024_MapBiomas_10mbeta_2023_22MBD_M_R,AMAZON_EXTENSION_2024_WorldCover_2021_22MBD_M_R",13
"AMAZON_EXTENSION_2024_ESRI_Annual_LULC_2024_22MBD_M_R,AMAZON_EXTENSION_2024_GLC_FCS30D_2022_22MBD_M_R,AMAZON_EXTENSION_2024_MapBiomas_10mbeta_2023_22MBD_M_R,AMAZON_EXTENSION_2024_WorldCover_2021_22MBD_M_R",13
"AMAZON_EXTENSION_2024_DynamicWorld_2024_22MBD_M_R,AMAZON_EXTENSION_2024_ESRI_Annual_LULC_2024_22MBD_M_R,AMAZON_EXTENSION_2024_MapBiomas_10mbeta_2023_22MBD_M_R,AMAZON_EXTENSION_2024_WorldCover_2021_22MBD_M_R",13
"AMAZON_EXTENSION_2024_ESRI_Annual_LULC_2024_22MBD_M_R,AMAZON_EXTENSION_2024_GLC_FCS30D_2022_22MBD_M_R,AMAZON_EXTENSION_2024_GSW_Yearly_2021_22MBD_M_R,AMAZON_EXTENSION_2024_GWL_FCS30D_2022_22MBD_M_R,AMAZON_EXTENSION_2024_MapBiomas_Collection10_2024_22MBD_M_R,AMAZON_EXTENSION_2024_WorldCover_2021_22MBD_M_R",12
"AMAZON_EXTENSION_2024_DynamicWorld_2024_22MBD_M_R,AMAZON_EXTENSION_2024_ESRI_Annual_LULC_2024_22MBD_M_R,AMAZON_EXTENSION_2024_GLC_FCS30D_2022_22MBD_M_R,AMAZON_EXTENSION_2024_MapBiomas_10mbeta_2023_22MBD_M_R,AMAZON_EXTENSION_2024_MapBiomas_Collection10_2024_22MBD_M_R",12
"AMAZON_EXTENSION_2024_DynamicWorld_2024_22MBD_M_R,AMAZON_EXTENSION_2024_ESRI_Annual_LULC_2024_22MBD_M_R,AMAZON_EXTENSION_2024_MapBiomas_Collection10_2024_22MBD_M_R,AMAZON_EXTENSION_2024_WorldCover_2021_22MBD_M_R",11
"AMAZON_EXTENSION_2024_GLC_FCS30D_2022_22MBD_M_R,AMAZON_EXTENSION_2024_GWL_FCS30D_2022_22MBD_M_R,AMAZON_EXTENSION_2024_MapBiomas_10mbeta_2023_22MBD_M_R,AMAZON_EXTENSION_2024_MapBiomas_Collection10_2024_22MBD_M_R",11
"AMAZON_EXTENSION_2024_DynamicWorld_2024_22MBD_M_R,AMAZON_EXTENSION_2024_GLC_FCS30D_2022_22MBD_M_R,AMAZON_EXTENSION_2024_GSW_Yearly_2021_22MBD_M_R,AMAZON_EXTENSION_2024_GWL_FCS30D_2022_22MBD_M_R,AMAZON_EXTENSION_2024_MapBiomas_10mbeta_2023_22MBD_M_R,AMAZON_EXTENSION_2024_WorldCover_2021_22MBD_M_R",10
"AMAZON_EXTENSION_2024_GLC_FCS30D_2022_22MBD_M_R,AMAZON_EXTENSION_2024_MapBiomas_Collection10_2024_22MBD_M_R,AMAZON_EXTENSION_2024_WorldCover_2021_22MBD_M_R",10
"AMAZON_EXTENSION_2024_GLC_FCS30D_2022_22MBD_M_R,AMAZON_EXTENSION_2024_GSW_Yearly_2021_22MBD_M_R,AMAZON_EXTENSION_2024_GWL_FCS30D_2022_22MBD_M_R,AMAZON_EXTENSION_2024_MapBiomas_Collection10_2024_22MBD_M_R,AMAZON_EXTENSION_2024_WorldCover_2021_22MBD_M_R",10
"AMAZON_EXTENSION_2024_ESRI_Annual_LULC_2024_22MBD_M_R,AMAZON_EXTENSION_2024_GSW_Yearly_2021_22MBD_M_R,AMAZON_EXTENSION_2024_GWL_FCS30D_2022_22MBD_M_R,AMAZON_EXTENSION_2024_MapBiomas_10mbeta_2023_22MBD_M_R,AMAZON_EXTENSION_2024_MapBiomas_Collection10_2024_22MBD_M_R,AMAZON_EXTENSION_2024_WorldCover_2021_22MBD_M_R",10
"AMAZON_EXTENSION_2024_GSW_Yearly_2021_22MBD_M_R,AMAZON_EXTENSION_2024_GWL_FCS30D_2022_22MBD_M_R,AMAZON_EXTENSION_2024_MapBiomas_10mbeta_2023_22MBD_M_R,AMAZON_EXTENSION_2024_MapBiomas_Collection10_2024_22MBD_M_R,AMAZON_EXTENSION_2024_WorldCover_2021_22MBD_M_R",9
"AMAZON_EXTENSION_2024_DynamicWorld_2024_22MBD_M_R,AMAZON_EXTENSION_2024_ESRI_Annual_LULC_2024_22MBD_M_R,AMAZON_EXTENSION_2024_GLC_FCS30D_2022_22MBD_M_R,AMAZON_EXTENSION_2024_GWL_FCS30D_2022_22MBD_M_R,AMAZON_EXTENSION_2024_WorldCover_2021_22MBD_M_R",9
"AMAZON_EXTENSION_2024_DynamicWorld_2024_22MBD_M_R,AMAZON_EXTENSION_2024_ESRI_Annual_LULC_2024_22MBD_M_R,AMAZON_EXTENSION_2024_GLC_FCS30D_2022_22MBD_M_R,AMAZON_EXTENSION_2024_GWL_FCS30D_2022_22MBD_M_R,AMAZON_EXTENSION_2024_MapBiomas_Collection10_2024_22MBD_M_R",7
"AMAZON_EXTENSION_2024_GLC_FCS30D_2022_22MBD_M_R,AMAZON_EXTENSION_2024_MapBiomas_10mbeta_2023_22MBD_M_R,AMAZON_EXTENSION_2024_MapBiomas_Collection10_2024_22MBD_M_R",7
"AMAZON_EXTENSION_2024_DynamicWorld_2024_22MBD_M_R,AMAZON_EXTENSION_2024_MapBiomas_10mbeta_2023_22MBD_M_R,AMAZON_EXTENSION_2024_WorldCover_2021_22MBD_M_R",7
"AMAZON_EXTENSION_2024_ESRI_Annual_LULC_2024_22MBD_M_R,AMAZON_EXTENSION_2024_GLC_FCS30D_2022_22MBD_M_R,AMAZON_EXTENSION_2024_GWL_FCS30D_2022_22MBD_M_R,AMAZON_EXTENSION_2024_MapBiomas_10mbeta_2023_22MBD_M_R,AMAZON_EXTENSION_2024_WorldCover_2021_22MBD_M_R",7
"AMAZON_EXTENSION_2024_DynamicWorld_2024_22MBD_M_R,AMAZON_EXTENSION_2024_GLC_FCS30D_2022_22MBD_M_R,AMAZON_EXTENSION_2024_GWL_FCS30D_2022_22MBD_M_R,AMAZON_EXTENSION_2024_WorldCover_2021_22MBD_M_R",7
"AMAZON_EXTENSION_2024_DynamicWorld_2024_22MBD_M_R,AMAZON_EXTENSION_2024_GWL_FCS30D_2022_22MBD_M_R,AMAZON_EXTENSION_2024_MapBiomas_Collection10_2024_22MBD_M_R,AMAZON_EXTENSION_2024_WorldCover_2021_22MBD_M_R",6
"AMAZON_EXTENSION_2024_DynamicWorld_2024_22MBD_M_R,AMAZON_EXTENSION_2024_MapBiomas_10mbeta_2023_22MBD_M_R,AMAZON_EXTENSION_2024_MapBiomas_Collection10_2024_22MBD_M_R",5
"AMAZON_EXTENSION_2024_ESRI_Annual_LULC_2024_22MBD_M_R,AMAZON_EXTENSION_2024_GLC_FCS30D_2022_22MBD_M_R,AMAZON_EXTENSION_2024_MapBiomas_Collection10_2024_22MBD_M_R,AMAZON_EXTENSION_2024_WorldCover_2021_22MBD_M_R",5
"AMAZON_EXTENSION_2024_DynamicWorld_2024_22MBD_M_R,AMAZON_EXTENSION_2024_MapBiomas_Collection10_2024_22MBD_M_R,AMAZON_EXTENSION_2024_WorldCover_2021_22MBD_M_R",5
"AMAZON_EXTENSION_2024_DynamicWorld_2024_22MBD_M_R,AMAZON_EXTENSION_2024_ESRI_Annual_LULC_2024_22MBD_M_R,AMAZON_EXTENSION_2024_GLC_FCS30D_2022_22MBD_M_R,AMAZON_EXTENSION_2024_GSW_Yearly_2021_22MBD_M_R,AMAZON_EXTENSION_2024_GWL_FCS30D_2022_22MBD_M_R,AMAZON_EXTENSION_2024_MapBiomas_10mbeta_2023_22MBD_M_R,AMAZON_EXTENSION_2024_WorldCover_2021_22MBD_M_R",5
"AMAZON_EXTENSION_2024_DynamicWorld_2024_22MBD_M_R,AMAZON_EXTENSION_2024_GLC_FCS30D_2022_22MBD_M_R,AMAZON_EXTENSION_2024_GSW_Yearly_2021_22MBD_M_R,AMAZON_EXTENSION_2024_MapBiomas_Collection10_2024_22MBD_M_R,AMAZON_EXTENSION_2024_WorldCover_2021_22MBD_M_R",5
"AMAZON_EXTENSION_2024_DynamicWorld_2024_22MBD_M_R,AMAZON_EXTENSION_2024_ESRI_Annual_LULC_2024_22MBD_M_R,AMAZON_EXTENSION_2024_GWL_FCS30D_2022_22MBD_M_R,AMAZON_EXTENSION_2024_MapBiomas_10mbeta_2023_22MBD_M_R,AMAZON_EXTENSION_2024_MapBiomas_Collection10_2024_22MBD_M_R",4
"AMAZON_EXTENSION_2024_DynamicWorld_2024_22MBD_M_R,AMAZON_EXTENSION_2024_GLC_FCS30D_2022_22MBD_M_R,AMAZON_EXTENSION_2024_WorldCover_2021_22MBD_M_R",4
"AMAZON_EXTENSION_2024_DynamicWorld_2024_22MBD_M_R,AMAZON_EXTENSION_2024_GWL_FCS30D_2022_22MBD_M_R,AMAZON_EXTENSION_2024_MapBiomas_10mbeta_2023_22MBD_M_R,AMAZON_EXTENSION_2024_MapBiomas_Collection10_2024_22MBD_M_R",4
"AMAZON_EXTENSION_2024_DynamicWorld_2024_22MBD_M_R,AMAZON_EXTENSION_2024_GSW_Yearly_2021_22MBD_M_R,AMAZON_EXTENSION_2024_MapBiomas_10mbeta_2023_22MBD_M_R,AMAZON_EXTENSION_2024_MapBiomas_Collection10_2024_22MBD_M_R,AMAZON_EXTENSION_2024_WorldCover_2021_22MBD_M_R",4
"AMAZON_EXTENSION_2024_DynamicWorld_2024_22MBD_M_R,AMAZON_EXTENSION_2024_ESRI_Annual_LULC_2024_22MBD_M_R,AMAZON_EXTENSION_2024_GSW_Yearly_2021_22MBD_M_R,AMAZON_EXTENSION_2024_GWL_FCS30D_2022_22MBD_M_R,AMAZON_EXTENSION_2024_MapBiomas_Collection10_2024_22MBD_M_R,AMAZON_EXTENSION_2024_WorldCover_2021_22MBD_M_R",4
"AMAZON_EXTENSION_2024_GWL_FCS30D_2022_22MBD_M_R,AMAZON_EXTENSION_2024_MapBiomas_10mbeta_2023_22MBD_M_R,AMAZON_EXTENSION_2024_MapBiomas_Collection10_2024_22MBD_M_R",4
"AMAZON_EXTENSION_2024_GWL_FCS30D_2022_22MBD_M_R,AMAZON_EXTENSION_2024_MapBiomas_Collection10_2024_22MBD_M_R,AMAZON_EXTENSION_2024_WorldCover_2021_22MBD_M_R",3
"AMAZON_EXTENSION_2024_MapBiomas_10mbeta_2023_22MBD_M_R,AMAZON_EXTENSION_2024_WorldCover_2021_22MBD_M_R",3
"AMAZON_EXTENSION_2024_ESRI_Annual_LULC_2024_22MBD_M_R,AMAZON_EXTENSION_2024_GLC_FCS30D_2022_22MBD_M_R,AMAZON_EXTENSION_2024_GWL_FCS30D_2022_22MBD_M_R,AMAZON_EXTENSION_2024_MapBiomas_10mbeta_2023_22MBD_M_R,AMAZON_EXTENSION_2024_MapBiomas_Collection10_2024_22MBD_M_R",3
"AMAZON_EXTENSION_2024_GSW_Yearly_2021_22MBD_M_R,AMAZON_EXTENSION_2024_MapBiomas_10mbeta_2023_22MBD_M_R,AMAZON_EXTENSION_2024_MapBiomas_Collection10_2024_22MBD_M_R,AMAZON_EXTENSION_2024_WorldCover_2021_22MBD_M_R",3
"AMAZON_EXTENSION_2024_ESRI_Annual_LULC_2024_22MBD_M_R,AMAZON_EXTENSION_2024_GWL_FCS30D_2022_22MBD_M_R,AMAZON_EXTENSION_2024_MapBiomas_Collection10_2024_22MBD_M_R,AMAZON_EXTENSION_2024_WorldCover_2021_22MBD_M_R",3
"AMAZON_EXTENSION_2024_DynamicWorld_2024_22MBD_M_R,AMAZON_EXTENSION_2024_GLC_FCS30D_2022_22MBD_M_R,AMAZON_EXTENSION_2024_GSW_Yearly_2021_22MBD_M_R,AMAZON_EXTENSION_2024_GWL_FCS30D_2022_22MBD_M_R,AMAZON_EXTENSION_2024_MapBiomas_10mbeta_2023_22MBD_M_R,AMAZON_EXTENSION_2024_MapBiomas_Collection10_2024_22MBD_M_R",3
"AMAZON_EXTENSION_2024_DynamicWorld_2024_22MBD_M_R,AMAZON_EXTENSION_2024_ESRI_Annual_LULC_2024_22MBD_M_R,AMAZON_EXTENSION_2024_GLC_FCS30D_2022_22MBD_M_R,AMAZON_EXTENSION_2024_WorldCover_2021_22MBD_M_R",3
"AMAZON_EXTENSION_2024_ESRI_Annual_LULC_2024_22MBD_M_R,AMAZON_EXTENSION_2024_GSW_Yearly_2021_22MBD_M_R,AMAZON_EXTENSION_2024_MapBiomas_10mbeta_2023_22MBD_M_R,AMAZON_EXTENSION_2024_MapBiomas_Collection10_2024_22MBD_M_R,AMAZON_EXTENSION_2024_WorldCover_2021_22MBD_M_R",3
"AMAZON_EXTENSION_2024_DynamicWorld_2024_22MBD_M_R,AMAZON_EXTENSION_2024_ESRI_Annual_LULC_2024_22MBD_M_R,AMAZON_EXTENSION_2024_GWL_FCS30D_2022_22MBD_M_R,AMAZON_EXTENSION_2024_MapBiomas_10mbeta_2023_22MBD_M_R,AMAZON_EXTENSION_2024_WorldCover_2021_22MBD_M_R",3
"AMAZON_EXTENSION_2024_MapBiomas_10mbeta_2023_22MBD_M_R,AMAZON_EXTENSION_2024_MapBiomas_Collection10_2024_22MBD_M_R",2
"AMAZON_EXTENSION_2024_ESRI_Annual_LULC_2024_22MBD_M_R,AMAZON_EXTENSION_2024_MapBiomas_10mbeta_2023_22MBD_M_R,AMAZON_EXTENSION_2024_WorldCover_2021_22MBD_M_R",2
"AMAZON_EXTENSION_2024_GWL_FCS30D_2022_22MBD_M_R,AMAZON_EXTENSION_2024_MapBiomas_10mbeta_2023_22MBD_M_R,AMAZON_EXTENSION_2024_WorldCover_2021_22MBD_M_R",2
"AMAZON_EXTENSION_2024_GLC_FCS30D_2022_22MBD_M_R,AMAZON_EXTENSION_2024_GWL_FCS30D_2022_22MBD_M_R,AMAZON_EXTENSION_2024_MapBiomas_10mbeta_2023_22MBD_M_R",2
"AMAZON_EXTENSION_2024_DynamicWorld_2024_22MBD_M_R,AMAZON_EXTENSION_2024_GLC_FCS30D_2022_22MBD_M_R,AMAZON_EXTENSION_2024_GWL_FCS30D_2022_22MBD_M_R,AMAZON_EXTENSION_2024_MapBiomas_Collection10_2024_22MBD_M_R",2
"AMAZON_EXTENSION_2024_DynamicWorld_2024_22MBD_M_R,AMAZON_EXTENSION_2024_ESRI_Annual_LULC_2024_22MBD_M_R,AMAZON_EXTENSION_2024_GSW_Yearly_2021_22MBD_M_R,AMAZON_EXTENSION_2024_MapBiomas_Collection10_2024_22MBD_M_R,AMAZON_EXTENSION_2024_WorldCover_2021_22MBD_M_R",2
"AMAZON_EXTENSION_2024_DynamicWorld_2024_22MBD_M_R,AMAZON_EXTENSION_2024_ESRI_Annual_LULC_2024_22MBD_M_R,AMAZON_EXTENSION_2024_MapBiomas_10mbeta_2023_22MBD_M_R,AMAZON_EXTENSION_2024_MapBiomas_Collection10_2024_22MBD_M_R",2
"AMAZON_EXTENSION_2024_GLC_FCS30D_2022_22MBD_M_R,AMAZON_EXTENSION_2024_GWL_FCS30D_2022_22MBD_M_R,AMAZON_EXTENSION_2024_WorldCover_2021_22MBD_M_R",2
"AMAZON_EXTENSION_2024_ESRI_Annual_LULC_2024_22MBD_M_R,AMAZON_EXTENSION_2024_GWL_FCS30D_2022_22MBD_M_R,AMAZON_EXTENSION_2024_MapBiomas_10mbeta_2023_22MBD_M_R,AMAZON_EXTENSION_2024_MapBiomas_Collection10_2024_22MBD_M_R",2
"AMAZON_EXTENSION_2024_DynamicWorld_2024_22MBD_M_R,AMAZON_EXTENSION_2024_ESRI_Annual_LULC_2024_22MBD_M_R,AMAZON_EXTENSION_2024_GWL_FCS30D_2022_22MBD_M_R,AMAZON_EXTENSION_2024_MapBiomas_Collection10_2024_22MBD_M_R",2
"AMAZON_EXTENSION_2024_MapBiomas_Collection10_2024_22MBD_M_R,AMAZON_EXTENSION_2024_WorldCover_2021_22MBD_M_R",1
"AMAZON_EXTENSION_2024_ESRI_Annual_LULC_2024_22MBD_M_R,AMAZON_EXTENSION_2024_GLC_FCS30D_2022_22MBD_M_R,AMAZON_EXTENSION_2024_GWL_FCS30D_2022_22MBD_M_R,AMAZON_EXTENSION_2024_WorldCover_2021_22MBD_M_R",1
"AMAZON_EXTENSION_2024_DynamicWorld_2024_22MBD_M_R,AMAZON_EXTENSION_2024_ESRI_Annual_LULC_2024_22MBD_M_R,AMAZON_EXTENSION_2024_GLC_FCS30D_2022_22MBD_M_R,AMAZON_EXTENSION_2024_MapBiomas_Collection10_2024_22MBD_M_R",1
"AMAZON_EXTENSION_2024_DynamicWorld_2024_22MBD_M_R,AMAZON_EXTENSION_2024_GWL_FCS30D_2022_22MBD_M_R,AMAZON_EXTENSION_2024_MapBiomas_10mbeta_2023_22MBD_M_R,AMAZON_EXTENSION_2024_WorldCover_2021_22MBD_M_R",1
"AMAZON_EXTENSION_2024_ESRI_Annual_LULC_2024_22MBD_M_R,AMAZON_EXTENSION_2024_GWL_FCS30D_2022_22MBD_M_R,AMAZON_EXTENSION_2024_MapBiomas_10mbeta_2023_22MBD_M_R,AMAZON_EXTENSION_2024_WorldCover_2021_22MBD_M_R",1
"AMAZON_EXTENSION_2024_DynamicWorld_2024_22MBD_M_R,AMAZON_EXTENSION_2024_GLC_FCS30D_2022_22MBD_M_R,AMAZON_EXTENSION_2024_MapBiomas_Collection10_2024_22MBD_M_R",1
"AMAZON_EXTENSION_2024_DynamicWorld_2024_22MBD_M_R,AMAZON_EXTENSION_2024_ESRI_Annual_LULC_2024_22MBD_M_R,AMAZON_EXTENSION_2024_GLC_FCS30D_2022_22MBD_M_R,AMAZON_EXTENSION_2024_GSW_Yearly_2021_22MBD_M_R,AMAZON_EXTENSION_2024_GWL_FCS30D_2022_22MBD_M_R,AMAZON_EXTENSION_2024_MapBiomas_10mbeta_2023_22MBD_M_R,AMAZON_EXTENSION_2024_MapBiomas_Collection10_2024_22MBD_M_R",1
