Value,AMAZON_EXTENSION_2024_DynamicWorld_2024_21NZF_M_R,AMAZON_EXTENSION_2024_ESRI_Annual_LULC_2024_21NZF_M_R,AMAZON_EXTENSION_2024_GLC_FCS30D_2022_21NZF_M_R,AMAZON_EXTENSION_2024_GSW_Yearly_2021_21NZF_M_R,AMAZON_EXTENSION_2024_GWL_FCS30D_2022_21NZF_M_R,AMAZON_EXTENSION_2024_MapBiomas_10mbeta_2023_21NZF_M_R,AMAZON_EXTENSION_2024_MapBiomas_Collection10_2024_21NZF_M_R,AMAZON_EXTENSION_2024_WorldCover_2021_21NZF_M_R
0,NULL,NULL,NULL,NULL,Non_Wetland,NULL,NULL,NULL
1,NULL,NULL,NULL,NULL,Non_Wetland,NULL,NULL,Grassland
2,NULL,NULL,NULL,NULL,Non_Wetland,NULL,NULL,Bareland
3,NULL,NULL,NULL,NULL,Non_Wetland,NULL,NULL,Built-up
4,NULL,NULL,NULL,NULL,Non_Wetland,NULL,NULL,Forest
5,NULL,NULL,NULL,Non_Water,Non_Wetland,NULL,NULL,Grassland
6,NULL,NULL,NULL,Non_Water,Non_Wetland,NULL,NULL,Bareland
7,NULL,NULL,NULL,Non_Water,Non_Wetland,NULL,NULL,Forest
8,NULL,NULL,NULL,Water,Non_Wetland,NULL,NULL,Grassland
9,NULL,NULL,NULL,Water,Non_Wetland,NULL,NULL,Bareland
10,NULL,NULL,NULL,Water,Non_Wetland,NULL,NULL,Water
11,NULL,NULL,NULL,Water,Non_Wetland,NULL,NULL,Forest
12,NULL,NULL,Shrubland,NULL,Non_Wetland,NULL,NULL,NULL
13,NULL,NULL,Shrubland,NULL,Non_Wetland,NULL,NULL,Grassland
14,NULL,NULL,Shrubland,NULL,Non_Wetland,NULL,NULL,Bareland
15,NULL,NULL,Shrubland,NULL,Non_Wetland,NULL,NULL,Built-up
16,NULL,NULL,Shrubland,NULL,Non_Wetland,NULL,NULL,Water
17,NULL,NULL,Shrubland,NULL,Non_Wetland,NULL,NULL,Forest
18,NULL,NULL,Shrubland,Non_Water,Non_Wetland,NULL,NULL,Grassland
19,NULL,NULL,Shrubland,Non_Water,Non_Wetland,NULL,NULL,Wetland
20,NULL,NULL,Shrubland,Non_Water,Non_Wetland,NULL,NULL,Bareland
21,NULL,NULL,Shrubland,Non_Water,Non_Wetland,NULL,NULL,Forest
22,NULL,NULL,Shrubland,Water,Non_Wetland,NULL,NULL,Grassland
23,NULL,NULL,Shrubland,Water,Non_Wetland,NULL,NULL,Bareland
24,NULL,NULL,Shrubland,Water,Non_Wetland,NULL,NULL,Water
25,NULL,NULL,Shrubland,Water,Non_Wetland,NULL,NULL,Forest
26,NULL,NULL,Grassland,NULL,Non_Wetland,NULL,NULL,Grassland
27,NULL,NULL,Grassland,NULL,Non_Wetland,NULL,NULL,Bareland
28,NULL,NULL,Grassland,NULL,Non_Wetland,NULL,NULL,Built-up
29,NULL,NULL,Grassland,NULL,Non_Wetland,NULL,NULL,Water
30,NULL,NULL,Grassland,NULL,Non_Wetland,NULL,NULL,Forest
31,NULL,NULL,Grassland,Non_Water,Non_Wetland,NULL,NULL,Grassland
32,NULL,NULL,Grassland,Water,Non_Wetland,NULL,NULL,Grassland
33,NULL,NULL,Wetland,NULL,Wetland,NULL,NULL,Grassland
34,NULL,NULL,Wetland,NULL,Wetland,NULL,NULL,Forest
35,NULL,NULL,Wetland,Non_Water,Wetland,NULL,NULL,Grassland
36,NULL,NULL,Wetland,Non_Water,Wetland,NULL,NULL,Water
37,NULL,NULL,Wetland,Non_Water,Wetland,NULL,NULL,Forest
38,NULL,NULL,Wetland,Water,Wetland,NULL,NULL,Water
39,NULL,NULL,Wetland,Water,Wetland,NULL,NULL,Forest
40,NULL,NULL,Built-up,NULL,Non_Wetland,NULL,NULL,NULL
41,NULL,NULL,Built-up,NULL,Non_Wetland,NULL,NULL,Grassland
42,NULL,NULL,Built-up,NULL,Non_Wetland,NULL,NULL,Bareland
43,NULL,NULL,Built-up,NULL,Non_Wetland,NULL,NULL,Built-up
44,NULL,NULL,Built-up,NULL,Non_Wetland,NULL,NULL,Forest
45,NULL,NULL,Built-up,Non_Water,Non_Wetland,NULL,NULL,Grassland
46,NULL,NULL,Built-up,Non_Water,Non_Wetland,NULL,NULL,Forest
47,NULL,NULL,Water,NULL,Water,NULL,NULL,Grassland
48,NULL,NULL,Water,NULL,Water,NULL,NULL,Forest
49,NULL,NULL,Water,Non_Water,Water,NULL,NULL,Bareland
50,NULL,NULL,Water,Non_Water,Water,NULL,NULL,Water
51,NULL,NULL,Water,Water,Water,NULL,NULL,Water
52,NULL,NULL,Water,Water,Water,NULL,NULL,Forest
53,NULL,NULL,Forest,NULL,Non_Wetland,NULL,NULL,Grassland
54,NULL,NULL,Forest,NULL,Non_Wetland,NULL,NULL,Bareland
55,NULL,NULL,Forest,NULL,Non_Wetland,NULL,NULL,Built-up
56,NULL,NULL,Forest,NULL,Non_Wetland,NULL,NULL,Forest
57,NULL,NULL,Forest,Non_Water,Non_Wetland,NULL,NULL,Grassland
58,NULL,NULL,Forest,Non_Water,Non_Wetland,NULL,NULL,Bareland
59,NULL,NULL,Forest,Non_Water,Non_Wetland,NULL,NULL,Forest
60,NULL,NULL,Forest,Water,Non_Wetland,NULL,NULL,Grassland
61,NULL,NULL,Forest,Water,Non_Wetland,NULL,NULL,Bareland
62,NULL,NULL,Forest,Water,Non_Wetland,NULL,NULL,Water
63,NULL,NULL,Forest,Water,Non_Wetland,NULL,NULL,Forest
64,NULL,Wetland,Shrubland,NULL,Non_Wetland,NULL,NULL,Grassland
65,NULL,Wetland,Wetland,NULL,Wetland,NULL,NULL,Grassland
66,NULL,Wetland,Water,Water,Water,NULL,NULL,Forest
67,NULL,Wetland,Forest,NULL,Non_Wetland,NULL,NULL,Forest
68,NULL,Bareland,Shrubland,NULL,Non_Wetland,NULL,NULL,Bareland
69,NULL,Bareland,Shrubland,NULL,Non_Wetland,NULL,NULL,Forest
70,NULL,Bareland,Shrubland,Non_Water,Non_Wetland,NULL,NULL,Forest
71,NULL,Bareland,Grassland,NULL,Non_Wetland,NULL,NULL,Bareland
72,NULL,Bareland,Grassland,NULL,Non_Wetland,NULL,NULL,Forest
73,NULL,Bareland,Wetland,Non_Water,Wetland,NULL,NULL,Water
74,NULL,Bareland,Wetland,Water,Wetland,NULL,NULL,Wetland
75,NULL,Bareland,Wetland,Water,Wetland,NULL,NULL,Water
76,NULL,Bareland,Wetland,Water,Wetland,NULL,NULL,Forest
77,NULL,Bareland,Bareland,NULL,Non_Wetland,NULL,NULL,Forest
78,NULL,Bareland,Built-up,NULL,Non_Wetland,NULL,NULL,Grassland
79,NULL,Bareland,Built-up,NULL,Non_Wetland,NULL,NULL,Bareland
80,NULL,Bareland,Water,Water,Water,NULL,NULL,Water
81,NULL,Bareland,Forest,NULL,Non_Wetland,NULL,NULL,Grassland
82,NULL,Bareland,Forest,NULL,Non_Wetland,NULL,NULL,Bareland
83,NULL,Bareland,Forest,NULL,Non_Wetland,NULL,NULL,Forest
84,NULL,Built-up,NULL,NULL,Non_Wetland,NULL,NULL,Grassland
85,NULL,Built-up,NULL,NULL,Non_Wetland,NULL,NULL,Bareland
86,NULL,Built-up,NULL,NULL,Non_Wetland,NULL,NULL,Built-up
87,NULL,Built-up,NULL,NULL,Non_Wetland,NULL,NULL,Water
88,NULL,Built-up,NULL,NULL,Non_Wetland,NULL,NULL,Forest
89,NULL,Built-up,NULL,Water,Non_Wetland,NULL,NULL,Bareland
90,NULL,Built-up,Shrubland,NULL,Non_Wetland,NULL,NULL,Grassland
91,NULL,Built-up,Shrubland,NULL,Non_Wetland,NULL,NULL,Wetland
92,NULL,Built-up,Shrubland,NULL,Non_Wetland,NULL,NULL,Bareland
93,NULL,Built-up,Shrubland,NULL,Non_Wetland,NULL,NULL,Built-up
94,NULL,Built-up,Shrubland,NULL,Non_Wetland,NULL,NULL,Water
95,NULL,Built-up,Shrubland,NULL,Non_Wetland,NULL,NULL,Forest
96,NULL,Built-up,Shrubland,Non_Water,Non_Wetland,NULL,NULL,Grassland
97,NULL,Built-up,Shrubland,Non_Water,Non_Wetland,NULL,NULL,Bareland
98,NULL,Built-up,Shrubland,Non_Water,Non_Wetland,NULL,NULL,Forest
99,NULL,Built-up,Shrubland,Water,Non_Wetland,NULL,NULL,Grassland
100,NULL,Built-up,Shrubland,Water,Non_Wetland,NULL,NULL,Bareland
101,NULL,Built-up,Shrubland,Water,Non_Wetland,NULL,NULL,Built-up
102,NULL,Built-up,Shrubland,Water,Non_Wetland,NULL,NULL,Water
103,NULL,Built-up,Shrubland,Water,Non_Wetland,NULL,NULL,Forest
104,NULL,Built-up,Grassland,NULL,Non_Wetland,NULL,NULL,Grassland
105,NULL,Built-up,Grassland,NULL,Non_Wetland,NULL,NULL,Bareland
106,NULL,Built-up,Grassland,NULL,Non_Wetland,NULL,NULL,Built-up
107,NULL,Built-up,Grassland,NULL,Non_Wetland,NULL,NULL,Water
108,NULL,Built-up,Grassland,NULL,Non_Wetland,NULL,NULL,Forest
109,NULL,Built-up,Grassland,Non_Water,Non_Wetland,NULL,NULL,Bareland
110,NULL,Built-up,Grassland,Non_Water,Non_Wetland,NULL,NULL,Forest
111,NULL,Built-up,Grassland,Water,Non_Wetland,NULL,NULL,Forest
112,NULL,Built-up,Wetland,NULL,Wetland,NULL,NULL,Grassland
113,NULL,Built-up,Wetland,NULL,Wetland,NULL,NULL,Forest
114,NULL,Built-up,Wetland,Water,Wetland,NULL,NULL,Built-up
115,NULL,Built-up,Wetland,Water,Wetland,NULL,NULL,Forest
116,NULL,Built-up,Bareland,NULL,Non_Wetland,NULL,NULL,Forest
117,NULL,Built-up,Bareland,Water,Non_Wetland,NULL,NULL,Bareland
118,NULL,Built-up,Built-up,NULL,Non_Wetland,NULL,NULL,Grassland
119,NULL,Built-up,Built-up,NULL,Non_Wetland,NULL,NULL,Bareland
120,NULL,Built-up,Built-up,NULL,Non_Wetland,NULL,NULL,Built-up
121,NULL,Built-up,Built-up,NULL,Non_Wetland,NULL,NULL,Water
122,NULL,Built-up,Built-up,NULL,Non_Wetland,NULL,NULL,Forest
123,NULL,Built-up,Built-up,Non_Water,Non_Wetland,NULL,NULL,Bareland
124,NULL,Built-up,Built-up,Non_Water,Non_Wetland,NULL,NULL,Forest
125,NULL,Built-up,Built-up,Water,Non_Wetland,NULL,NULL,Built-up
126,NULL,Built-up,Built-up,Water,Non_Wetland,NULL,NULL,Forest
127,NULL,Built-up,Water,NULL,Water,NULL,NULL,Grassland
128,NULL,Built-up,Water,NULL,Water,NULL,NULL,Bareland
129,NULL,Built-up,Water,NULL,Water,NULL,NULL,Forest
130,NULL,Built-up,Water,Water,Water,NULL,NULL,Built-up
131,NULL,Built-up,Water,Water,Water,NULL,NULL,Water
132,NULL,Built-up,Water,Water,Water,NULL,NULL,Forest
133,NULL,Built-up,Forest,NULL,Non_Wetland,NULL,NULL,Grassland
134,NULL,Built-up,Forest,NULL,Non_Wetland,NULL,NULL,Bareland
135,NULL,Built-up,Forest,NULL,Non_Wetland,NULL,NULL,Built-up
136,NULL,Built-up,Forest,NULL,Non_Wetland,NULL,NULL,Water
137,NULL,Built-up,Forest,NULL,Non_Wetland,NULL,NULL,Forest
138,NULL,Built-up,Forest,Non_Water,Non_Wetland,NULL,NULL,Bareland
139,NULL,Built-up,Forest,Non_Water,Non_Wetland,NULL,NULL,Forest
140,NULL,Built-up,Forest,Water,Non_Wetland,NULL,NULL,Grassland
141,NULL,Built-up,Forest,Water,Non_Wetland,NULL,NULL,Wetland
142,NULL,Built-up,Forest,Water,Non_Wetland,NULL,NULL,Bareland
143,NULL,Built-up,Forest,Water,Non_Wetland,NULL,NULL,Forest
144,NULL,Water,Shrubland,NULL,Non_Wetland,NULL,NULL,Bareland
145,NULL,Water,Shrubland,NULL,Non_Wetland,NULL,NULL,Water
146,NULL,Water,Shrubland,NULL,Non_Wetland,NULL,NULL,Forest
147,NULL,Water,Shrubland,Non_Water,Non_Wetland,NULL,NULL,Bareland
148,NULL,Water,Shrubland,Non_Water,Non_Wetland,NULL,NULL,Water
149,NULL,Water,Shrubland,Water,Non_Wetland,NULL,NULL,Water
150,NULL,Water,Wetland,NULL,Wetland,NULL,NULL,Grassland
151,NULL,Water,Wetland,NULL,Wetland,NULL,NULL,Wetland
152,NULL,Water,Wetland,NULL,Wetland,NULL,NULL,Bareland
153,NULL,Water,Wetland,NULL,Wetland,NULL,NULL,Water
154,NULL,Water,Wetland,NULL,Wetland,NULL,NULL,Forest
155,NULL,Water,Wetland,Non_Water,Wetland,NULL,NULL,Water
156,NULL,Water,Wetland,Water,Wetland,NULL,NULL,Bareland
157,NULL,Water,Wetland,Water,Wetland,NULL,NULL,Water
158,NULL,Water,Built-up,NULL,Non_Wetland,NULL,NULL,Bareland
159,NULL,Water,Water,NULL,Water,NULL,NULL,Water
160,NULL,Water,Water,NULL,Water,NULL,NULL,Forest
161,NULL,Water,Water,Non_Water,Water,NULL,NULL,Water
162,NULL,Water,Water,Water,Water,NULL,NULL,Wetland
163,NULL,Water,Water,Water,Water,NULL,NULL,Bareland
164,NULL,Water,Water,Water,Water,NULL,NULL,Water
165,NULL,Water,Water,Water,Water,NULL,NULL,Forest
166,NULL,Water,Forest,NULL,Non_Wetland,NULL,NULL,Grassland
167,NULL,Water,Forest,NULL,Non_Wetland,NULL,NULL,Wetland
168,NULL,Water,Forest,NULL,Non_Wetland,NULL,NULL,Water
169,NULL,Water,Forest,NULL,Non_Wetland,NULL,NULL,Forest
170,NULL,Water,Forest,Non_Water,Non_Wetland,NULL,NULL,Bareland
171,NULL,Water,Forest,Non_Water,Non_Wetland,NULL,NULL,Forest
172,NULL,Water,Forest,Water,Non_Wetland,NULL,NULL,Wetland
173,NULL,Water,Forest,Water,Non_Wetland,NULL,NULL,Water
174,NULL,Water,Forest,Water,Non_Wetland,NULL,NULL,Forest
175,NULL,Forest,NULL,NULL,Non_Wetland,NULL,NULL,Grassland
176,NULL,Forest,NULL,NULL,Non_Wetland,NULL,NULL,Forest
177,NULL,Forest,NULL,Non_Water,Non_Wetland,NULL,NULL,Grassland
178,NULL,Forest,NULL,Water,Non_Wetland,NULL,NULL,Bareland
179,NULL,Forest,Shrubland,NULL,Non_Wetland,NULL,NULL,NULL
180,NULL,Forest,Shrubland,NULL,Non_Wetland,NULL,NULL,Grassland
181,NULL,Forest,Shrubland,NULL,Non_Wetland,NULL,NULL,Bareland
182,NULL,Forest,Shrubland,NULL,Non_Wetland,NULL,NULL,Built-up
183,NULL,Forest,Shrubland,NULL,Non_Wetland,NULL,NULL,Forest
184,NULL,Forest,Shrubland,Non_Water,Non_Wetland,NULL,NULL,Grassland
185,NULL,Forest,Shrubland,Non_Water,Non_Wetland,NULL,NULL,Bareland
186,NULL,Forest,Shrubland,Non_Water,Non_Wetland,NULL,NULL,Forest
187,NULL,Forest,Grassland,NULL,Non_Wetland,NULL,NULL,Grassland
188,NULL,Forest,Grassland,NULL,Non_Wetland,NULL,NULL,Bareland
189,NULL,Forest,Grassland,NULL,Non_Wetland,NULL,NULL,Built-up
190,NULL,Forest,Grassland,NULL,Non_Wetland,NULL,NULL,Forest
191,NULL,Forest,Wetland,NULL,Wetland,NULL,NULL,Forest
192,NULL,Forest,Wetland,Water,Wetland,NULL,NULL,Forest
193,NULL,Forest,Built-up,NULL,Non_Wetland,NULL,NULL,Grassland
194,NULL,Forest,Built-up,NULL,Non_Wetland,NULL,NULL,Built-up
195,NULL,Forest,Built-up,NULL,Non_Wetland,NULL,NULL,Forest
196,NULL,Forest,Water,Water,Water,NULL,NULL,Forest
197,NULL,Forest,Forest,NULL,Non_Wetland,NULL,NULL,Grassland
198,NULL,Forest,Forest,NULL,Non_Wetland,NULL,NULL,Bareland
199,NULL,Forest,Forest,NULL,Non_Wetland,NULL,NULL,Built-up
200,NULL,Forest,Forest,NULL,Non_Wetland,NULL,NULL,Water
201,NULL,Forest,Forest,NULL,Non_Wetland,NULL,NULL,Forest
202,NULL,Forest,Forest,Non_Water,Non_Wetland,NULL,NULL,Grassland
203,NULL,Forest,Forest,Non_Water,Non_Wetland,NULL,NULL,Forest
204,NULL,Forest,Forest,Water,Non_Wetland,NULL,NULL,Forest
205,Grassland,NULL,NULL,NULL,Non_Wetland,NULL,NULL,Forest
206,Grassland,NULL,NULL,Water,Non_Wetland,NULL,NULL,Bareland
207,Grassland,NULL,Shrubland,NULL,Non_Wetland,NULL,NULL,Grassland
208,Grassland,NULL,Shrubland,NULL,Non_Wetland,NULL,NULL,Bareland
209,Grassland,NULL,Shrubland,NULL,Non_Wetland,NULL,NULL,Built-up
210,Grassland,NULL,Shrubland,NULL,Non_Wetland,NULL,NULL,Forest
211,Grassland,NULL,Shrubland,Non_Water,Non_Wetland,NULL,NULL,Grassland
212,Grassland,NULL,Shrubland,Water,Non_Wetland,NULL,NULL,Bareland
213,Grassland,NULL,Grassland,NULL,Non_Wetland,NULL,NULL,Grassland
214,Grassland,NULL,Grassland,NULL,Non_Wetland,NULL,NULL,Forest
215,Grassland,NULL,Water,Non_Water,Water,NULL,NULL,Grassland
216,Grassland,NULL,Forest,NULL,Non_Wetland,NULL,NULL,Grassland
217,Grassland,NULL,Forest,NULL,Non_Wetland,NULL,NULL,Bareland
218,Grassland,NULL,Forest,NULL,Non_Wetland,NULL,NULL,Water
219,Grassland,NULL,Forest,NULL,Non_Wetland,NULL,NULL,Forest
220,Grassland,NULL,Forest,Non_Water,Non_Wetland,NULL,NULL,Grassland
221,Grassland,NULL,Forest,Non_Water,Non_Wetland,NULL,NULL,Forest
222,Grassland,NULL,Forest,Water,Non_Wetland,NULL,NULL,Grassland
223,Grassland,Wetland,Forest,Water,Non_Wetland,NULL,NULL,Bareland
224,Grassland,Built-up,Shrubland,NULL,Non_Wetland,NULL,NULL,Grassland
225,Grassland,Built-up,Shrubland,NULL,Non_Wetland,NULL,NULL,Forest
226,Grassland,Built-up,Grassland,NULL,Non_Wetland,NULL,NULL,Grassland
227,Grassland,Built-up,Forest,NULL,Non_Wetland,NULL,NULL,Grassland
228,Grassland,Built-up,Forest,NULL,Non_Wetland,NULL,NULL,Forest
229,Grassland,Water,Forest,NULL,Non_Wetland,NULL,NULL,Forest
230,Grassland,Forest,NULL,NULL,Non_Wetland,NULL,NULL,Grassland
231,Grassland,Forest,NULL,NULL,Non_Wetland,NULL,NULL,Forest
232,Grassland,Forest,Shrubland,NULL,Non_Wetland,NULL,NULL,Grassland
233,Grassland,Forest,Shrubland,NULL,Non_Wetland,NULL,NULL,Bareland
234,Grassland,Forest,Shrubland,NULL,Non_Wetland,NULL,NULL,Forest
235,Grassland,Forest,Shrubland,Non_Water,Non_Wetland,NULL,NULL,Grassland
236,Grassland,Forest,Shrubland,Non_Water,Non_Wetland,NULL,NULL,Bareland
237,Grassland,Forest,Shrubland,Non_Water,Non_Wetland,NULL,NULL,Forest
238,Grassland,Forest,Grassland,NULL,Non_Wetland,NULL,NULL,Grassland
239,Grassland,Forest,Grassland,NULL,Non_Wetland,NULL,NULL,Forest
240,Grassland,Forest,Forest,NULL,Non_Wetland,NULL,NULL,Grassland
241,Grassland,Forest,Forest,NULL,Non_Wetland,NULL,NULL,Bareland
242,Grassland,Forest,Forest,NULL,Non_Wetland,NULL,NULL,Forest
243,Cropland,NULL,NULL,NULL,Non_Wetland,NULL,NULL,Grassland
244,Cropland,NULL,NULL,NULL,Non_Wetland,NULL,NULL,Bareland
245,Cropland,NULL,NULL,NULL,Non_Wetland,NULL,NULL,Built-up
246,Cropland,NULL,NULL,NULL,Non_Wetland,NULL,NULL,Forest
247,Cropland,NULL,Shrubland,NULL,Non_Wetland,NULL,NULL,NULL
248,Cropland,NULL,Shrubland,NULL,Non_Wetland,NULL,NULL,Grassland
249,Cropland,NULL,Shrubland,NULL,Non_Wetland,NULL,NULL,Bareland
250,Cropland,NULL,Shrubland,NULL,Non_Wetland,NULL,NULL,Built-up
251,Cropland,NULL,Shrubland,NULL,Non_Wetland,NULL,NULL,Forest
252,Cropland,NULL,Shrubland,Non_Water,Non_Wetland,NULL,NULL,Grassland
253,Cropland,NULL,Shrubland,Non_Water,Non_Wetland,NULL,NULL,Bareland
254,Cropland,NULL,Shrubland,Non_Water,Non_Wetland,NULL,NULL,Forest
255,Cropland,NULL,Grassland,NULL,Non_Wetland,NULL,NULL,Grassland
256,Cropland,NULL,Grassland,NULL,Non_Wetland,NULL,NULL,Built-up
257,Cropland,NULL,Grassland,NULL,Non_Wetland,NULL,NULL,Forest
258,Cropland,NULL,Grassland,Non_Water,Non_Wetland,NULL,NULL,Forest
259,Cropland,NULL,Built-up,NULL,Non_Wetland,NULL,NULL,Forest
260,Cropland,NULL,Water,Non_Water,Water,NULL,NULL,Bareland
261,Cropland,NULL,Forest,NULL,Non_Wetland,NULL,NULL,Grassland
262,Cropland,NULL,Forest,NULL,Non_Wetland,NULL,NULL,Bareland
263,Cropland,NULL,Forest,NULL,Non_Wetland,NULL,NULL,Forest
264,Cropland,NULL,Forest,Non_Water,Non_Wetland,NULL,NULL,Bareland
265,Cropland,NULL,Forest,Non_Water,Non_Wetland,NULL,NULL,Forest
266,Cropland,NULL,Forest,Water,Non_Wetland,NULL,NULL,Forest
267,Cropland,Cropland,Forest,NULL,Non_Wetland,NULL,NULL,Grassland
268,Cropland,Bareland,Forest,NULL,Non_Wetland,NULL,NULL,Bareland
269,Cropland,Bareland,Forest,NULL,Non_Wetland,NULL,NULL,Forest
270,Cropland,Built-up,Shrubland,NULL,Non_Wetland,NULL,NULL,Grassland
271,Cropland,Built-up,Shrubland,NULL,Non_Wetland,NULL,NULL,Bareland
272,Cropland,Built-up,Shrubland,NULL,Non_Wetland,NULL,NULL,Forest
273,Cropland,Built-up,Grassland,NULL,Non_Wetland,NULL,NULL,Grassland
274,Cropland,Built-up,Grassland,NULL,Non_Wetland,NULL,NULL,Forest
275,Cropland,Built-up,Forest,NULL,Non_Wetland,NULL,NULL,Grassland
276,Cropland,Built-up,Forest,NULL,Non_Wetland,NULL,NULL,Bareland
277,Cropland,Built-up,Forest,NULL,Non_Wetland,NULL,NULL,Forest
278,Cropland,Water,NULL,Water,Non_Wetland,NULL,NULL,Bareland
279,Cropland,Water,Shrubland,NULL,Non_Wetland,NULL,NULL,Grassland
280,Cropland,Water,Shrubland,NULL,Non_Wetland,NULL,NULL,Forest
281,Cropland,Water,Shrubland,Non_Water,Non_Wetland,NULL,NULL,Bareland
282,Cropland,Water,Water,Water,Water,NULL,NULL,Water
283,Cropland,Water,Water,Water,Water,NULL,NULL,Forest
284,Cropland,Water,Forest,NULL,Non_Wetland,NULL,NULL,Forest
285,Cropland,Water,Forest,Non_Water,Non_Wetland,NULL,NULL,Bareland
286,Cropland,Water,Forest,Non_Water,Non_Wetland,NULL,NULL,Forest
287,Cropland,Water,Forest,Water,Non_Wetland,NULL,NULL,Grassland
288,Cropland,Water,Forest,Water,Non_Wetland,NULL,NULL,Bareland
289,Cropland,Water,Forest,Water,Non_Wetland,NULL,NULL,Water
290,Cropland,Forest,NULL,NULL,Non_Wetland,NULL,NULL,Forest
291,Cropland,Forest,NULL,Non_Water,Non_Wetland,NULL,NULL,Grassland
292,Cropland,Forest,Shrubland,NULL,Non_Wetland,NULL,NULL,Grassland
293,Cropland,Forest,Shrubland,NULL,Non_Wetland,NULL,NULL,Bareland
294,Cropland,Forest,Shrubland,NULL,Non_Wetland,NULL,NULL,Forest
295,Cropland,Forest,Grassland,NULL,Non_Wetland,NULL,NULL,Grassland
296,Cropland,Forest,Grassland,NULL,Non_Wetland,NULL,NULL,Built-up
297,Cropland,Forest,Grassland,Non_Water,Non_Wetland,NULL,NULL,Forest
298,Cropland,Forest,Built-up,NULL,Non_Wetland,NULL,NULL,Grassland
299,Cropland,Forest,Built-up,NULL,Non_Wetland,NULL,NULL,Forest
300,Cropland,Forest,Forest,NULL,Non_Wetland,NULL,NULL,Grassland
301,Cropland,Forest,Forest,NULL,Non_Wetland,NULL,NULL,Bareland
302,Cropland,Forest,Forest,NULL,Non_Wetland,NULL,NULL,Forest
303,Wetland,NULL,Shrubland,NULL,Non_Wetland,NULL,NULL,Grassland
304,Wetland,NULL,Shrubland,NULL,Non_Wetland,NULL,NULL,Forest
305,Wetland,NULL,Grassland,NULL,Non_Wetland,NULL,NULL,Grassland
306,Wetland,NULL,Wetland,NULL,Wetland,NULL,NULL,Water
307,Wetland,NULL,Wetland,Non_Water,Wetland,NULL,NULL,Water
308,Wetland,NULL,Wetland,Non_Water,Wetland,NULL,NULL,Forest
309,Wetland,NULL,Water,Non_Water,Water,NULL,NULL,Water
310,Wetland,NULL,Water,Water,Water,NULL,NULL,Water
311,Wetland,NULL,Forest,NULL,Non_Wetland,NULL,NULL,Grassland
312,Wetland,NULL,Forest,NULL,Non_Wetland,NULL,NULL,Water
313,Wetland,NULL,Forest,NULL,Non_Wetland,NULL,NULL,Forest
314,Wetland,Wetland,Shrubland,NULL,Non_Wetland,NULL,NULL,Forest
315,Wetland,Wetland,Wetland,NULL,Wetland,NULL,NULL,Wetland
316,Wetland,Wetland,Wetland,NULL,Wetland,NULL,NULL,Water
317,Wetland,Wetland,Wetland,NULL,Wetland,NULL,NULL,Forest
318,Wetland,Wetland,Water,Water,Water,NULL,NULL,Water
319,Wetland,Wetland,Forest,NULL,Non_Wetland,NULL,NULL,Bareland
320,Wetland,Wetland,Forest,NULL,Non_Wetland,NULL,NULL,Water
321,Wetland,Wetland,Forest,NULL,Non_Wetland,NULL,NULL,Forest
322,Wetland,Wetland,Forest,Water,Non_Wetland,NULL,NULL,Forest
323,Wetland,Bareland,Wetland,Non_Water,Wetland,NULL,NULL,Water
324,Wetland,Bareland,Wetland,Water,Wetland,NULL,NULL,Water
325,Wetland,Bareland,Water,Water,Water,NULL,NULL,Water
326,Wetland,Water,Shrubland,NULL,Non_Wetland,NULL,NULL,Grassland
327,Wetland,Water,Shrubland,NULL,Non_Wetland,NULL,NULL,Forest
328,Wetland,Water,Shrubland,Non_Water,Non_Wetland,NULL,NULL,Water
329,Wetland,Water,Shrubland,Water,Non_Wetland,NULL,NULL,Water
330,Wetland,Water,Wetland,NULL,Wetland,NULL,NULL,Grassland
331,Wetland,Water,Wetland,NULL,Wetland,NULL,NULL,Bareland
332,Wetland,Water,Wetland,NULL,Wetland,NULL,NULL,Water
333,Wetland,Water,Wetland,NULL,Wetland,NULL,NULL,Forest
334,Wetland,Water,Wetland,Non_Water,Wetland,NULL,NULL,Water
335,Wetland,Water,Wetland,Water,Wetland,NULL,NULL,Grassland
336,Wetland,Water,Wetland,Water,Wetland,NULL,NULL,Water
337,Wetland,Water,Wetland,Water,Wetland,NULL,NULL,Forest
338,Wetland,Water,Water,NULL,Water,NULL,NULL,Water
339,Wetland,Water,Water,Non_Water,Water,NULL,NULL,Water
340,Wetland,Water,Water,Water,Water,NULL,NULL,Grassland
341,Wetland,Water,Water,Water,Water,NULL,NULL,Wetland
342,Wetland,Water,Water,Water,Water,NULL,NULL,Bareland
343,Wetland,Water,Water,Water,Water,NULL,NULL,Water
344,Wetland,Water,Water,Water,Water,NULL,NULL,Forest
345,Wetland,Water,Forest,NULL,Non_Wetland,NULL,NULL,Bareland
346,Wetland,Water,Forest,NULL,Non_Wetland,NULL,NULL,Water
347,Wetland,Water,Forest,NULL,Non_Wetland,NULL,NULL,Forest
348,Wetland,Water,Forest,Non_Water,Non_Wetland,NULL,NULL,Water
349,Wetland,Forest,Shrubland,NULL,Non_Wetland,NULL,NULL,Forest
350,Wetland,Forest,Forest,NULL,Non_Wetland,NULL,NULL,Forest
351,Bareland,NULL,NULL,NULL,Non_Wetland,NULL,NULL,Grassland
352,Bareland,NULL,NULL,NULL,Non_Wetland,NULL,NULL,Forest
353,Bareland,NULL,Shrubland,NULL,Non_Wetland,NULL,NULL,Grassland
354,Bareland,NULL,Shrubland,NULL,Non_Wetland,NULL,NULL,Bareland
355,Bareland,NULL,Shrubland,NULL,Non_Wetland,NULL,NULL,Built-up
356,Bareland,NULL,Shrubland,NULL,Non_Wetland,NULL,NULL,Water
357,Bareland,NULL,Shrubland,NULL,Non_Wetland,NULL,NULL,Forest
358,Bareland,NULL,Shrubland,Non_Water,Non_Wetland,NULL,NULL,Bareland
359,Bareland,NULL,Shrubland,Water,Non_Wetland,NULL,NULL,Bareland
360,Bareland,NULL,Grassland,NULL,Non_Wetland,NULL,NULL,Grassland
361,Bareland,NULL,Grassland,NULL,Non_Wetland,NULL,NULL,Bareland
362,Bareland,NULL,Grassland,NULL,Non_Wetland,NULL,NULL,Forest
363,Bareland,NULL,Wetland,NULL,Wetland,NULL,NULL,Grassland
364,Bareland,NULL,Wetland,NULL,Wetland,NULL,NULL,Forest
365,Bareland,NULL,Wetland,Water,Wetland,NULL,NULL,Grassland
366,Bareland,NULL,Wetland,Water,Wetland,NULL,NULL,Bareland
367,Bareland,NULL,Wetland,Water,Wetland,NULL,NULL,Forest
368,Bareland,NULL,Bareland,NULL,Non_Wetland,NULL,NULL,Forest
369,Bareland,NULL,Bareland,Water,Non_Wetland,NULL,NULL,Forest
370,Bareland,NULL,Built-up,NULL,Non_Wetland,NULL,NULL,Grassland
371,Bareland,NULL,Built-up,NULL,Non_Wetland,NULL,NULL,Bareland
372,Bareland,NULL,Built-up,NULL,Non_Wetland,NULL,NULL,Built-up
373,Bareland,NULL,Built-up,NULL,Non_Wetland,NULL,NULL,Forest
374,Bareland,NULL,Forest,NULL,Non_Wetland,NULL,NULL,Grassland
375,Bareland,NULL,Forest,NULL,Non_Wetland,NULL,NULL,Bareland
376,Bareland,NULL,Forest,NULL,Non_Wetland,NULL,NULL,Built-up
377,Bareland,NULL,Forest,NULL,Non_Wetland,NULL,NULL,Forest
378,Bareland,NULL,Forest,Non_Water,Non_Wetland,NULL,NULL,Bareland
379,Bareland,NULL,Forest,Water,Non_Wetland,NULL,NULL,Bareland
380,Bareland,Wetland,Forest,Water,Non_Wetland,NULL,NULL,Water
381,Bareland,Wetland,Forest,Water,Non_Wetland,NULL,NULL,Forest
382,Bareland,Bareland,NULL,NULL,Non_Wetland,NULL,NULL,Bareland
383,Bareland,Bareland,NULL,NULL,Non_Wetland,NULL,NULL,Forest
384,Bareland,Bareland,Shrubland,NULL,Non_Wetland,NULL,NULL,Grassland
385,Bareland,Bareland,Shrubland,NULL,Non_Wetland,NULL,NULL,Bareland
386,Bareland,Bareland,Shrubland,NULL,Non_Wetland,NULL,NULL,Forest
387,Bareland,Bareland,Grassland,NULL,Non_Wetland,NULL,NULL,Bareland
388,Bareland,Bareland,Grassland,NULL,Non_Wetland,NULL,NULL,Forest
389,Bareland,Bareland,Wetland,Water,Wetland,NULL,NULL,Water
390,Bareland,Bareland,Bareland,NULL,Non_Wetland,NULL,NULL,Forest
391,Bareland,Bareland,Built-up,NULL,Non_Wetland,NULL,NULL,Grassland
392,Bareland,Bareland,Built-up,NULL,Non_Wetland,NULL,NULL,Bareland
393,Bareland,Bareland,Built-up,NULL,Non_Wetland,NULL,NULL,Forest
394,Bareland,Bareland,Water,Water,Water,NULL,NULL,Water
395,Bareland,Bareland,Forest,NULL,Non_Wetland,NULL,NULL,Grassland
396,Bareland,Bareland,Forest,NULL,Non_Wetland,NULL,NULL,Bareland
397,Bareland,Bareland,Forest,NULL,Non_Wetland,NULL,NULL,Built-up
398,Bareland,Bareland,Forest,NULL,Non_Wetland,NULL,NULL,Water
399,Bareland,Bareland,Forest,NULL,Non_Wetland,NULL,NULL,Forest
400,Bareland,Bareland,Forest,Non_Water,Non_Wetland,NULL,NULL,Forest
401,Bareland,Bareland,Forest,Water,Non_Wetland,NULL,NULL,Bareland
402,Bareland,Bareland,Forest,Water,Non_Wetland,NULL,NULL,Water
403,Bareland,Bareland,Forest,Water,Non_Wetland,NULL,NULL,Forest
404,Bareland,Built-up,Shrubland,NULL,Non_Wetland,NULL,NULL,Grassland
405,Bareland,Built-up,Shrubland,NULL,Non_Wetland,NULL,NULL,Bareland
406,Bareland,Built-up,Shrubland,NULL,Non_Wetland,NULL,NULL,Forest
407,Bareland,Built-up,Shrubland,Water,Non_Wetland,NULL,NULL,Grassland
408,Bareland,Built-up,Shrubland,Water,Non_Wetland,NULL,NULL,Bareland
409,Bareland,Built-up,Grassland,NULL,Non_Wetland,NULL,NULL,Grassland
410,Bareland,Built-up,Grassland,NULL,Non_Wetland,NULL,NULL,Forest
411,Bareland,Built-up,Bareland,NULL,Non_Wetland,NULL,NULL,Forest
412,Bareland,Built-up,Built-up,NULL,Non_Wetland,NULL,NULL,Grassland
413,Bareland,Built-up,Built-up,NULL,Non_Wetland,NULL,NULL,Bareland
414,Bareland,Built-up,Built-up,NULL,Non_Wetland,NULL,NULL,Forest
415,Bareland,Built-up,Forest,NULL,Non_Wetland,NULL,NULL,Grassland
416,Bareland,Built-up,Forest,NULL,Non_Wetland,NULL,NULL,Bareland
417,Bareland,Built-up,Forest,NULL,Non_Wetland,NULL,NULL,Built-up
418,Bareland,Built-up,Forest,NULL,Non_Wetland,NULL,NULL,Water
419,Bareland,Built-up,Forest,NULL,Non_Wetland,NULL,NULL,Forest
420,Bareland,Water,Shrubland,NULL,Non_Wetland,NULL,NULL,Grassland
421,Bareland,Water,Shrubland,NULL,Non_Wetland,NULL,NULL,Bareland
422,Bareland,Water,Shrubland,NULL,Non_Wetland,NULL,NULL,Water
423,Bareland,Water,Shrubland,NULL,Non_Wetland,NULL,NULL,Forest
424,Bareland,Water,Shrubland,Water,Non_Wetland,NULL,NULL,Bareland
425,Bareland,Water,Wetland,NULL,Wetland,NULL,NULL,Water
426,Bareland,Water,Wetland,NULL,Wetland,NULL,NULL,Forest
427,Bareland,Water,Wetland,Non_Water,Wetland,NULL,NULL,Water
428,Bareland,Water,Bareland,NULL,Non_Wetland,NULL,NULL,Grassland
429,Bareland,Water,Built-up,NULL,Non_Wetland,NULL,NULL,Forest
430,Bareland,Water,Water,NULL,Water,NULL,NULL,Water
431,Bareland,Water,Water,Non_Water,Water,NULL,NULL,Water
432,Bareland,Water,Water,Water,Water,NULL,NULL,Water
433,Bareland,Water,Water,Water,Water,NULL,NULL,Forest
434,Bareland,Water,Forest,NULL,Non_Wetland,NULL,NULL,Grassland
435,Bareland,Water,Forest,NULL,Non_Wetland,NULL,NULL,Bareland
436,Bareland,Water,Forest,NULL,Non_Wetland,NULL,NULL,Built-up
437,Bareland,Water,Forest,NULL,Non_Wetland,NULL,NULL,Water
438,Bareland,Water,Forest,NULL,Non_Wetland,NULL,NULL,Forest
439,Bareland,Water,Forest,Non_Water,Non_Wetland,NULL,NULL,Water
440,Bareland,Water,Forest,Water,Non_Wetland,NULL,NULL,Water
441,Bareland,Water,Forest,Water,Non_Wetland,NULL,NULL,Forest
442,Bareland,Forest,NULL,Non_Water,Non_Wetland,NULL,NULL,Forest
443,Bareland,Forest,Shrubland,NULL,Non_Wetland,NULL,NULL,Grassland
444,Bareland,Forest,Shrubland,NULL,Non_Wetland,NULL,NULL,Bareland
445,Bareland,Forest,Shrubland,NULL,Non_Wetland,NULL,NULL,Built-up
446,Bareland,Forest,Shrubland,NULL,Non_Wetland,NULL,NULL,Forest
447,Bareland,Forest,Grassland,NULL,Non_Wetland,NULL,NULL,Grassland
448,Bareland,Forest,Grassland,NULL,Non_Wetland,NULL,NULL,Bareland
449,Bareland,Forest,Grassland,NULL,Non_Wetland,NULL,NULL,Forest
450,Bareland,Forest,Bareland,NULL,Non_Wetland,NULL,NULL,Forest
451,Bareland,Forest,Built-up,NULL,Non_Wetland,NULL,NULL,Forest
452,Bareland,Forest,Built-up,Non_Water,Non_Wetland,NULL,NULL,Forest
453,Bareland,Forest,Forest,NULL,Non_Wetland,NULL,NULL,Grassland
454,Bareland,Forest,Forest,NULL,Non_Wetland,NULL,NULL,Bareland
455,Bareland,Forest,Forest,NULL,Non_Wetland,NULL,NULL,Forest
456,Bareland,Forest,Forest,Water,Non_Wetland,NULL,NULL,Bareland
457,Water,NULL,NULL,NULL,Non_Wetland,NULL,NULL,Grassland
458,Water,NULL,Shrubland,NULL,Non_Wetland,NULL,NULL,Grassland
459,Water,NULL,Shrubland,NULL,Non_Wetland,NULL,NULL,Water
460,Water,NULL,Shrubland,NULL,Non_Wetland,NULL,NULL,Forest
461,Water,NULL,Shrubland,Non_Water,Non_Wetland,NULL,NULL,Grassland
462,Water,NULL,Shrubland,Non_Water,Non_Wetland,NULL,NULL,Wetland
463,Water,NULL,Shrubland,Non_Water,Non_Wetland,NULL,NULL,Water
464,Water,NULL,Shrubland,Water,Non_Wetland,NULL,NULL,Water
465,Water,NULL,Wetland,NULL,Wetland,NULL,NULL,Bareland
466,Water,NULL,Wetland,NULL,Wetland,NULL,NULL,Water
467,Water,NULL,Wetland,NULL,Wetland,NULL,NULL,Forest
468,Water,NULL,Wetland,Non_Water,Wetland,NULL,NULL,Water
469,Water,NULL,Wetland,Water,Wetland,NULL,NULL,Water
470,Water,NULL,Wetland,Water,Wetland,NULL,NULL,Forest
471,Water,NULL,Water,NULL,Water,NULL,NULL,Forest
472,Water,NULL,Water,Non_Water,Water,NULL,NULL,Grassland
473,Water,NULL,Water,Water,Water,NULL,NULL,Water
474,Water,NULL,Water,Water,Water,NULL,NULL,Forest
475,Water,NULL,Forest,NULL,Non_Wetland,NULL,NULL,Grassland
476,Water,NULL,Forest,NULL,Non_Wetland,NULL,NULL,Water
477,Water,NULL,Forest,NULL,Non_Wetland,NULL,NULL,Forest
478,Water,NULL,Forest,Water,Non_Wetland,NULL,NULL,Forest
479,Water,Wetland,NULL,Water,Non_Wetland,NULL,NULL,Water
480,Water,Wetland,Wetland,NULL,Wetland,NULL,NULL,Grassland
481,Water,Wetland,Wetland,NULL,Wetland,NULL,NULL,Wetland
482,Water,Wetland,Wetland,NULL,Wetland,NULL,NULL,Water
483,Water,Wetland,Wetland,NULL,Wetland,NULL,NULL,Forest
484,Water,Wetland,Wetland,Non_Water,Wetland,NULL,NULL,Bareland
485,Water,Wetland,Wetland,Non_Water,Wetland,NULL,NULL,Forest
486,Water,Wetland,Wetland,Water,Wetland,NULL,NULL,Grassland
487,Water,Wetland,Wetland,Water,Wetland,NULL,NULL,Wetland
488,Water,Wetland,Wetland,Water,Wetland,NULL,NULL,Forest
489,Water,Wetland,Water,NULL,Water,NULL,NULL,Wetland
490,Water,Wetland,Water,NULL,Water,NULL,NULL,Forest
491,Water,Wetland,Water,Water,Water,NULL,NULL,Grassland
492,Water,Wetland,Water,Water,Water,NULL,NULL,Water
493,Water,Wetland,Water,Water,Water,NULL,NULL,Forest
494,Water,Wetland,Forest,NULL,Non_Wetland,NULL,NULL,Grassland
495,Water,Wetland,Forest,NULL,Non_Wetland,NULL,NULL,Wetland
496,Water,Wetland,Forest,NULL,Non_Wetland,NULL,NULL,Bareland
497,Water,Wetland,Forest,NULL,Non_Wetland,NULL,NULL,Water
498,Water,Wetland,Forest,NULL,Non_Wetland,NULL,NULL,Forest
499,Water,Wetland,Forest,Water,Non_Wetland,NULL,NULL,Water
500,Water,Bareland,Wetland,NULL,Wetland,NULL,NULL,Bareland
501,Water,Bareland,Wetland,NULL,Wetland,NULL,NULL,Forest
502,Water,Bareland,Wetland,Water,Wetland,NULL,NULL,Bareland
503,Water,Bareland,Wetland,Water,Wetland,NULL,NULL,Water
504,Water,Bareland,Bareland,NULL,Non_Wetland,NULL,NULL,Forest
505,Water,Bareland,Water,Water,Water,NULL,NULL,Bareland
506,Water,Bareland,Water,Water,Water,NULL,NULL,Water
507,Water,Bareland,Water,Water,Water,NULL,NULL,Forest
508,Water,Bareland,Forest,NULL,Non_Wetland,NULL,NULL,Water
509,Water,Bareland,Forest,NULL,Non_Wetland,NULL,NULL,Forest
510,Water,Bareland,Forest,Non_Water,Non_Wetland,NULL,NULL,Forest
511,Water,Bareland,Forest,Water,Non_Wetland,NULL,NULL,Bareland
512,Water,Bareland,Forest,Water,Non_Wetland,NULL,NULL,Water
513,Water,Bareland,Forest,Water,Non_Wetland,NULL,NULL,Forest
514,Water,Built-up,Shrubland,NULL,Non_Wetland,NULL,NULL,Grassland
515,Water,Built-up,Shrubland,NULL,Non_Wetland,NULL,NULL,Bareland
516,Water,Built-up,Shrubland,NULL,Non_Wetland,NULL,NULL,Water
517,Water,Built-up,Shrubland,NULL,Non_Wetland,NULL,NULL,Forest
518,Water,Built-up,Shrubland,Non_Water,Non_Wetland,NULL,NULL,Grassland
519,Water,Built-up,Shrubland,Water,Non_Wetland,NULL,NULL,Bareland
520,Water,Built-up,Shrubland,Water,Non_Wetland,NULL,NULL,Water
521,Water,Built-up,Grassland,Water,Non_Wetland,NULL,NULL,Forest
522,Water,Built-up,Wetland,NULL,Wetland,NULL,NULL,Water
523,Water,Built-up,Built-up,NULL,Non_Wetland,NULL,NULL,Water
524,Water,Built-up,Water,Water,Water,NULL,NULL,Forest
525,Water,Built-up,Forest,NULL,Non_Wetland,NULL,NULL,Wetland
526,Water,Built-up,Forest,NULL,Non_Wetland,NULL,NULL,Water
527,Water,Built-up,Forest,NULL,Non_Wetland,NULL,NULL,Forest
528,Water,Built-up,Forest,Water,Non_Wetland,NULL,NULL,Water
529,Water,Water,NULL,NULL,Non_Wetland,NULL,NULL,Grassland
530,Water,Water,NULL,NULL,Non_Wetland,NULL,NULL,Water
531,Water,Water,NULL,NULL,Non_Wetland,NULL,NULL,Forest
532,Water,Water,NULL,Non_Water,Non_Wetland,NULL,NULL,Bareland
533,Water,Water,NULL,Non_Water,Non_Wetland,NULL,NULL,Water
534,Water,Water,NULL,Water,Non_Wetland,NULL,NULL,Grassland
535,Water,Water,NULL,Water,Non_Wetland,NULL,NULL,Water
536,Water,Water,NULL,Water,Non_Wetland,NULL,NULL,Forest
537,Water,Water,Shrubland,NULL,Non_Wetland,NULL,NULL,Grassland
538,Water,Water,Shrubland,NULL,Non_Wetland,NULL,NULL,Wetland
539,Water,Water,Shrubland,NULL,Non_Wetland,NULL,NULL,Bareland
540,Water,Water,Shrubland,NULL,Non_Wetland,NULL,NULL,Water
541,Water,Water,Shrubland,NULL,Non_Wetland,NULL,NULL,Forest
542,Water,Water,Shrubland,Non_Water,Non_Wetland,NULL,NULL,Bareland
543,Water,Water,Shrubland,Non_Water,Non_Wetland,NULL,NULL,Water
544,Water,Water,Shrubland,Non_Water,Non_Wetland,NULL,NULL,Forest
545,Water,Water,Shrubland,Water,Non_Wetland,NULL,NULL,Grassland
546,Water,Water,Shrubland,Water,Non_Wetland,NULL,NULL,Wetland
547,Water,Water,Shrubland,Water,Non_Wetland,NULL,NULL,Bareland
548,Water,Water,Shrubland,Water,Non_Wetland,NULL,NULL,Water
549,Water,Water,Shrubland,Water,Non_Wetland,NULL,NULL,Forest
550,Water,Water,Grassland,NULL,Non_Wetland,NULL,NULL,Grassland
551,Water,Water,Grassland,NULL,Non_Wetland,NULL,NULL,Water
552,Water,Water,Grassland,Water,Non_Wetland,NULL,NULL,Water
553,Water,Water,Wetland,NULL,Wetland,NULL,NULL,Grassland
554,Water,Water,Wetland,NULL,Wetland,NULL,NULL,Wetland
555,Water,Water,Wetland,NULL,Wetland,NULL,NULL,Bareland
556,Water,Water,Wetland,NULL,Wetland,NULL,NULL,Water
557,Water,Water,Wetland,NULL,Wetland,NULL,NULL,Forest
558,Water,Water,Wetland,Non_Water,Wetland,NULL,NULL,Grassland
559,Water,Water,Wetland,Non_Water,Wetland,NULL,NULL,Wetland
560,Water,Water,Wetland,Non_Water,Wetland,NULL,NULL,Water
561,Water,Water,Wetland,Non_Water,Wetland,NULL,NULL,Forest
562,Water,Water,Wetland,Water,Wetland,NULL,NULL,Grassland
563,Water,Water,Wetland,Water,Wetland,NULL,NULL,Wetland
564,Water,Water,Wetland,Water,Wetland,NULL,NULL,Bareland
565,Water,Water,Wetland,Water,Wetland,NULL,NULL,Water
566,Water,Water,Wetland,Water,Wetland,NULL,NULL,Forest
567,Water,Water,Bareland,NULL,Non_Wetland,NULL,NULL,Water
568,Water,Water,Bareland,NULL,Non_Wetland,NULL,NULL,Forest
569,Water,Water,Bareland,Non_Water,Non_Wetland,NULL,NULL,Bareland
570,Water,Water,Bareland,Non_Water,Non_Wetland,NULL,NULL,Water
571,Water,Water,Bareland,Water,Non_Wetland,NULL,NULL,Bareland
572,Water,Water,Bareland,Water,Non_Wetland,NULL,NULL,Water
573,Water,Water,Bareland,Water,Non_Wetland,NULL,NULL,Forest
574,Water,Water,Built-up,NULL,Non_Wetland,NULL,NULL,Water
575,Water,Water,Built-up,NULL,Non_Wetland,NULL,NULL,Forest
576,Water,Water,Built-up,Non_Water,Non_Wetland,NULL,NULL,Water
577,Water,Water,Built-up,Non_Water,Non_Wetland,NULL,NULL,Forest
578,Water,Water,Built-up,Water,Non_Wetland,NULL,NULL,Water
579,Water,Water,Built-up,Water,Non_Wetland,NULL,NULL,Forest
580,Water,Water,Water,NULL,Water,NULL,NULL,Grassland
581,Water,Water,Water,NULL,Water,NULL,NULL,Wetland
582,Water,Water,Water,NULL,Water,NULL,NULL,Bareland
583,Water,Water,Water,NULL,Water,NULL,NULL,Water
584,Water,Water,Water,NULL,Water,NULL,NULL,Forest
585,Water,Water,Water,Non_Water,Water,NULL,NULL,Grassland
586,Water,Water,Water,Non_Water,Water,NULL,NULL,Wetland
587,Water,Water,Water,Non_Water,Water,NULL,NULL,Water
588,Water,Water,Water,Non_Water,Water,NULL,NULL,Forest
589,Water,Water,Water,Water,Water,NULL,NULL,Grassland
590,Water,Water,Water,Water,Water,NULL,NULL,Wetland
591,Water,Water,Water,Water,Water,NULL,NULL,Bareland
592,Water,Water,Water,Water,Water,NULL,NULL,Built-up
593,Water,Water,Water,Water,Water,NULL,NULL,Water
594,Water,Water,Water,Water,Water,NULL,NULL,Forest
595,Water,Water,Forest,NULL,Non_Wetland,NULL,NULL,Grassland
596,Water,Water,Forest,NULL,Non_Wetland,NULL,NULL,Wetland
597,Water,Water,Forest,NULL,Non_Wetland,NULL,NULL,Bareland
598,Water,Water,Forest,NULL,Non_Wetland,NULL,NULL,Water
599,Water,Water,Forest,NULL,Non_Wetland,NULL,NULL,Forest
600,Water,Water,Forest,Non_Water,Non_Wetland,NULL,NULL,Grassland
601,Water,Water,Forest,Non_Water,Non_Wetland,NULL,NULL,Water
602,Water,Water,Forest,Non_Water,Non_Wetland,NULL,NULL,Forest
603,Water,Water,Forest,Water,Non_Wetland,NULL,NULL,Grassland
604,Water,Water,Forest,Water,Non_Wetland,NULL,NULL,Wetland
605,Water,Water,Forest,Water,Non_Wetland,NULL,NULL,Bareland
606,Water,Water,Forest,Water,Non_Wetland,NULL,NULL,Water
607,Water,Water,Forest,Water,Non_Wetland,NULL,NULL,Forest
608,Water,Forest,Shrubland,NULL,Non_Wetland,NULL,NULL,Grassland
609,Water,Forest,Shrubland,NULL,Non_Wetland,NULL,NULL,Forest
610,Water,Forest,Grassland,NULL,Non_Wetland,NULL,NULL,Forest
611,Water,Forest,Wetland,NULL,Wetland,NULL,NULL,Water
612,Water,Forest,Wetland,NULL,Wetland,NULL,NULL,Forest
613,Water,Forest,Wetland,Water,Wetland,NULL,NULL,Water
614,Water,Forest,Wetland,Water,Wetland,NULL,NULL,Forest
615,Water,Forest,Built-up,NULL,Non_Wetland,NULL,NULL,Forest
616,Water,Forest,Water,NULL,Water,NULL,NULL,Forest
617,Water,Forest,Water,Non_Water,Water,NULL,NULL,Forest
618,Water,Forest,Water,Water,Water,NULL,NULL,Wetland
619,Water,Forest,Water,Water,Water,NULL,NULL,Water
620,Water,Forest,Water,Water,Water,NULL,NULL,Forest
621,Water,Forest,Forest,NULL,Non_Wetland,NULL,NULL,Grassland
622,Water,Forest,Forest,NULL,Non_Wetland,NULL,NULL,Water
623,Water,Forest,Forest,NULL,Non_Wetland,NULL,NULL,Forest
624,Water,Forest,Forest,Non_Water,Non_Wetland,NULL,NULL,Forest
625,Water,Forest,Forest,Water,Non_Wetland,NULL,NULL,Forest
626,Permanent_ice_and_snow,NULL,Shrubland,NULL,Non_Wetland,NULL,NULL,Grassland
627,Permanent_ice_and_snow,NULL,Grassland,NULL,Non_Wetland,NULL,NULL,Grassland
628,Permanent_ice_and_snow,NULL,Grassland,NULL,Non_Wetland,NULL,NULL,Forest
629,Permanent_ice_and_snow,NULL,Water,Water,Water,NULL,NULL,Water
630,Permanent_ice_and_snow,Bareland,Water,Non_Water,Water,NULL,NULL,Water
631,Permanent_ice_and_snow,Bareland,Water,Water,Water,NULL,NULL,Water
632,Permanent_ice_and_snow,Built-up,Shrubland,NULL,Non_Wetland,NULL,NULL,Grassland
633,Permanent_ice_and_snow,Built-up,Shrubland,NULL,Non_Wetland,NULL,NULL,Forest
634,Permanent_ice_and_snow,Built-up,Forest,NULL,Non_Wetland,NULL,NULL,Forest
635,Permanent_ice_and_snow,Forest,Forest,NULL,Non_Wetland,NULL,NULL,Forest
636,Forest,NULL,NULL,NULL,Non_Wetland,NULL,NULL,Grassland
637,Forest,NULL,NULL,NULL,Non_Wetland,NULL,NULL,Bareland
638,Forest,NULL,NULL,NULL,Non_Wetland,NULL,NULL,Water
639,Forest,NULL,NULL,NULL,Non_Wetland,NULL,NULL,Forest
640,Forest,NULL,NULL,Non_Water,Non_Wetland,NULL,NULL,Grassland
641,Forest,NULL,NULL,Non_Water,Non_Wetland,NULL,NULL,Bareland
642,Forest,NULL,NULL,Non_Water,Non_Wetland,NULL,NULL,Forest
643,Forest,NULL,NULL,Water,Non_Wetland,NULL,NULL,Bareland
644,Forest,NULL,NULL,Water,Non_Wetland,NULL,NULL,Forest
645,Forest,NULL,Shrubland,NULL,Non_Wetland,NULL,NULL,NULL
646,Forest,NULL,Shrubland,NULL,Non_Wetland,NULL,NULL,Grassland
647,Forest,NULL,Shrubland,NULL,Non_Wetland,NULL,NULL,Wetland
648,Forest,NULL,Shrubland,NULL,Non_Wetland,NULL,NULL,Bareland
649,Forest,NULL,Shrubland,NULL,Non_Wetland,NULL,NULL,Built-up
650,Forest,NULL,Shrubland,NULL,Non_Wetland,NULL,NULL,Water
651,Forest,NULL,Shrubland,NULL,Non_Wetland,NULL,NULL,Forest
652,Forest,NULL,Shrubland,Non_Water,Non_Wetland,NULL,NULL,Grassland
653,Forest,NULL,Shrubland,Non_Water,Non_Wetland,NULL,NULL,Bareland
654,Forest,NULL,Shrubland,Non_Water,Non_Wetland,NULL,NULL,Forest
655,Forest,NULL,Shrubland,Water,Non_Wetland,NULL,NULL,Grassland
656,Forest,NULL,Shrubland,Water,Non_Wetland,NULL,NULL,Bareland
657,Forest,NULL,Shrubland,Water,Non_Wetland,NULL,NULL,Water
658,Forest,NULL,Shrubland,Water,Non_Wetland,NULL,NULL,Forest
659,Forest,NULL,Grassland,NULL,Non_Wetland,NULL,NULL,Grassland
660,Forest,NULL,Grassland,NULL,Non_Wetland,NULL,NULL,Built-up
661,Forest,NULL,Grassland,NULL,Non_Wetland,NULL,NULL,Forest
662,Forest,NULL,Grassland,Water,Non_Wetland,NULL,NULL,Water
663,Forest,NULL,Wetland,NULL,Wetland,NULL,NULL,NULL
664,Forest,NULL,Wetland,NULL,Wetland,NULL,NULL,Grassland
665,Forest,NULL,Wetland,NULL,Wetland,NULL,NULL,Bareland
666,Forest,NULL,Wetland,NULL,Wetland,NULL,NULL,Water
667,Forest,NULL,Wetland,NULL,Wetland,NULL,NULL,Forest
668,Forest,NULL,Wetland,Non_Water,Wetland,NULL,NULL,Grassland
669,Forest,NULL,Wetland,Non_Water,Wetland,NULL,NULL,Water
670,Forest,NULL,Wetland,Non_Water,Wetland,NULL,NULL,Forest
671,Forest,NULL,Wetland,Water,Wetland,NULL,NULL,Forest
672,Forest,NULL,Bareland,NULL,Non_Wetland,NULL,NULL,Grassland
673,Forest,NULL,Bareland,NULL,Non_Wetland,NULL,NULL,Forest
674,Forest,NULL,Bareland,Water,Non_Wetland,NULL,NULL,Forest
675,Forest,NULL,Built-up,NULL,Non_Wetland,NULL,NULL,Grassland
676,Forest,NULL,Built-up,NULL,Non_Wetland,NULL,NULL,Bareland
677,Forest,NULL,Built-up,NULL,Non_Wetland,NULL,NULL,Built-up
678,Forest,NULL,Built-up,NULL,Non_Wetland,NULL,NULL,Forest
679,Forest,NULL,Water,NULL,Water,NULL,NULL,Grassland
680,Forest,NULL,Water,NULL,Water,NULL,NULL,Forest
681,Forest,NULL,Water,Non_Water,Water,NULL,NULL,Grassland
682,Forest,NULL,Water,Water,Water,NULL,NULL,Grassland
683,Forest,NULL,Water,Water,Water,NULL,NULL,Wetland
684,Forest,NULL,Water,Water,Water,NULL,NULL,Water
685,Forest,NULL,Water,Water,Water,NULL,NULL,Forest
686,Forest,NULL,Forest,NULL,Non_Wetland,NULL,NULL,NULL
687,Forest,NULL,Forest,NULL,Non_Wetland,NULL,NULL,Grassland
688,Forest,NULL,Forest,NULL,Non_Wetland,NULL,NULL,Bareland
689,Forest,NULL,Forest,NULL,Non_Wetland,NULL,NULL,Built-up
690,Forest,NULL,Forest,NULL,Non_Wetland,NULL,NULL,Water
691,Forest,NULL,Forest,NULL,Non_Wetland,NULL,NULL,Forest
692,Forest,NULL,Forest,Non_Water,Non_Wetland,NULL,NULL,Grassland
693,Forest,NULL,Forest,Non_Water,Non_Wetland,NULL,NULL,Bareland
694,Forest,NULL,Forest,Non_Water,Non_Wetland,NULL,NULL,Forest
695,Forest,NULL,Forest,Water,Non_Wetland,NULL,NULL,Grassland
696,Forest,NULL,Forest,Water,Non_Wetland,NULL,NULL,Bareland
697,Forest,NULL,Forest,Water,Non_Wetland,NULL,NULL,Water
698,Forest,NULL,Forest,Water,Non_Wetland,NULL,NULL,Forest
699,Forest,Cropland,Grassland,NULL,Non_Wetland,NULL,NULL,Grassland
700,Forest,Cropland,Forest,NULL,Non_Wetland,NULL,NULL,Grassland
701,Forest,Wetland,NULL,NULL,Non_Wetland,NULL,NULL,Grassland
702,Forest,Wetland,NULL,Water,Non_Wetland,NULL,NULL,Forest
703,Forest,Wetland,Shrubland,NULL,Non_Wetland,NULL,NULL,Grassland
704,Forest,Wetland,Shrubland,NULL,Non_Wetland,NULL,NULL,Forest
705,Forest,Wetland,Shrubland,Non_Water,Non_Wetland,NULL,NULL,Grassland
706,Forest,Wetland,Shrubland,Non_Water,Non_Wetland,NULL,NULL,Forest
707,Forest,Wetland,Shrubland,Water,Non_Wetland,NULL,NULL,Forest
708,Forest,Wetland,Grassland,NULL,Non_Wetland,NULL,NULL,Grassland
709,Forest,Wetland,Grassland,Water,Non_Wetland,NULL,NULL,Grassland
710,Forest,Wetland,Wetland,NULL,Wetland,NULL,NULL,Grassland
711,Forest,Wetland,Wetland,NULL,Wetland,NULL,NULL,Wetland
712,Forest,Wetland,Wetland,NULL,Wetland,NULL,NULL,Water
713,Forest,Wetland,Wetland,NULL,Wetland,NULL,NULL,Forest
714,Forest,Wetland,Wetland,Non_Water,Wetland,NULL,NULL,Forest
715,Forest,Wetland,Wetland,Water,Wetland,NULL,NULL,Grassland
716,Forest,Wetland,Wetland,Water,Wetland,NULL,NULL,Water
717,Forest,Wetland,Wetland,Water,Wetland,NULL,NULL,Forest
718,Forest,Wetland,Water,NULL,Water,NULL,NULL,Grassland
719,Forest,Wetland,Water,NULL,Water,NULL,NULL,Forest
720,Forest,Wetland,Water,Non_Water,Water,NULL,NULL,Forest
721,Forest,Wetland,Water,Water,Water,NULL,NULL,Grassland
722,Forest,Wetland,Water,Water,Water,NULL,NULL,Water
723,Forest,Wetland,Water,Water,Water,NULL,NULL,Forest
724,Forest,Wetland,Forest,NULL,Non_Wetland,NULL,NULL,Grassland
725,Forest,Wetland,Forest,NULL,Non_Wetland,NULL,NULL,Wetland
726,Forest,Wetland,Forest,NULL,Non_Wetland,NULL,NULL,Bareland
727,Forest,Wetland,Forest,NULL,Non_Wetland,NULL,NULL,Water
728,Forest,Wetland,Forest,NULL,Non_Wetland,NULL,NULL,Forest
729,Forest,Wetland,Forest,Non_Water,Non_Wetland,NULL,NULL,Forest
730,Forest,Wetland,Forest,Water,Non_Wetland,NULL,NULL,Water
731,Forest,Wetland,Forest,Water,Non_Wetland,NULL,NULL,Forest
732,Forest,Bareland,Shrubland,NULL,Non_Wetland,NULL,NULL,Forest
733,Forest,Bareland,Shrubland,Water,Non_Wetland,NULL,NULL,Forest
734,Forest,Bareland,Wetland,NULL,Wetland,NULL,NULL,Water
735,Forest,Bareland,Wetland,NULL,Wetland,NULL,NULL,Forest
736,Forest,Bareland,Bareland,NULL,Non_Wetland,NULL,NULL,Forest
737,Forest,Bareland,Built-up,NULL,Non_Wetland,NULL,NULL,Forest
738,Forest,Bareland,Water,Water,Water,NULL,NULL,Bareland
739,Forest,Bareland,Water,Water,Water,NULL,NULL,Water
740,Forest,Bareland,Forest,NULL,Non_Wetland,NULL,NULL,Forest
741,Forest,Bareland,Forest,Water,Non_Wetland,NULL,NULL,Water
742,Forest,Bareland,Forest,Water,Non_Wetland,NULL,NULL,Forest
743,Forest,Built-up,NULL,NULL,Non_Wetland,NULL,NULL,Grassland
744,Forest,Built-up,NULL,NULL,Non_Wetland,NULL,NULL,Bareland
745,Forest,Built-up,NULL,NULL,Non_Wetland,NULL,NULL,Forest
746,Forest,Built-up,Shrubland,NULL,Non_Wetland,NULL,NULL,NULL
747,Forest,Built-up,Shrubland,NULL,Non_Wetland,NULL,NULL,Grassland
748,Forest,Built-up,Shrubland,NULL,Non_Wetland,NULL,NULL,Wetland
749,Forest,Built-up,Shrubland,NULL,Non_Wetland,NULL,NULL,Bareland
750,Forest,Built-up,Shrubland,NULL,Non_Wetland,NULL,NULL,Built-up
751,Forest,Built-up,Shrubland,NULL,Non_Wetland,NULL,NULL,Water
752,Forest,Built-up,Shrubland,NULL,Non_Wetland,NULL,NULL,Forest
753,Forest,Built-up,Shrubland,Non_Water,Non_Wetland,NULL,NULL,Grassland
754,Forest,Built-up,Shrubland,Non_Water,Non_Wetland,NULL,NULL,Bareland
755,Forest,Built-up,Shrubland,Non_Water,Non_Wetland,NULL,NULL,Forest
756,Forest,Built-up,Shrubland,Water,Non_Wetland,NULL,NULL,Grassland
757,Forest,Built-up,Shrubland,Water,Non_Wetland,NULL,NULL,Bareland
758,Forest,Built-up,Shrubland,Water,Non_Wetland,NULL,NULL,Water
759,Forest,Built-up,Grassland,NULL,Non_Wetland,NULL,NULL,Grassland
760,Forest,Built-up,Grassland,NULL,Non_Wetland,NULL,NULL,Built-up
761,Forest,Built-up,Grassland,NULL,Non_Wetland,NULL,NULL,Forest
762,Forest,Built-up,Wetland,NULL,Wetland,NULL,NULL,Forest
763,Forest,Built-up,Built-up,NULL,Non_Wetland,NULL,NULL,Grassland
764,Forest,Built-up,Built-up,NULL,Non_Wetland,NULL,NULL,Bareland
765,Forest,Built-up,Built-up,NULL,Non_Wetland,NULL,NULL,Built-up
766,Forest,Built-up,Built-up,NULL,Non_Wetland,NULL,NULL,Forest
767,Forest,Built-up,Built-up,Non_Water,Non_Wetland,NULL,NULL,Grassland
768,Forest,Built-up,Water,Water,Water,NULL,NULL,Forest
769,Forest,Built-up,Forest,NULL,Non_Wetland,NULL,NULL,NULL
770,Forest,Built-up,Forest,NULL,Non_Wetland,NULL,NULL,Grassland
771,Forest,Built-up,Forest,NULL,Non_Wetland,NULL,NULL,Wetland
772,Forest,Built-up,Forest,NULL,Non_Wetland,NULL,NULL,Bareland
773,Forest,Built-up,Forest,NULL,Non_Wetland,NULL,NULL,Built-up
774,Forest,Built-up,Forest,NULL,Non_Wetland,NULL,NULL,Water
775,Forest,Built-up,Forest,NULL,Non_Wetland,NULL,NULL,Forest
776,Forest,Built-up,Forest,Non_Water,Non_Wetland,NULL,NULL,Grassland
777,Forest,Built-up,Forest,Non_Water,Non_Wetland,NULL,NULL,Bareland
778,Forest,Built-up,Forest,Non_Water,Non_Wetland,NULL,NULL,Forest
779,Forest,Water,NULL,NULL,Non_Wetland,NULL,NULL,Wetland
780,Forest,Water,NULL,NULL,Non_Wetland,NULL,NULL,Bareland
781,Forest,Water,NULL,NULL,Non_Wetland,NULL,NULL,Water
782,Forest,Water,NULL,NULL,Non_Wetland,NULL,NULL,Forest
783,Forest,Water,NULL,Non_Water,Non_Wetland,NULL,NULL,Bareland
784,Forest,Water,NULL,Water,Non_Wetland,NULL,NULL,Bareland
785,Forest,Water,NULL,Water,Non_Wetland,NULL,NULL,Water
786,Forest,Water,Shrubland,NULL,Non_Wetland,NULL,NULL,Grassland
787,Forest,Water,Shrubland,NULL,Non_Wetland,NULL,NULL,Wetland
788,Forest,Water,Shrubland,NULL,Non_Wetland,NULL,NULL,Bareland
789,Forest,Water,Shrubland,NULL,Non_Wetland,NULL,NULL,Water
790,Forest,Water,Shrubland,NULL,Non_Wetland,NULL,NULL,Forest
791,Forest,Water,Shrubland,Non_Water,Non_Wetland,NULL,NULL,Grassland
792,Forest,Water,Shrubland,Non_Water,Non_Wetland,NULL,NULL,Bareland
793,Forest,Water,Shrubland,Non_Water,Non_Wetland,NULL,NULL,Water
794,Forest,Water,Shrubland,Non_Water,Non_Wetland,NULL,NULL,Forest
795,Forest,Water,Shrubland,Water,Non_Wetland,NULL,NULL,Grassland
796,Forest,Water,Shrubland,Water,Non_Wetland,NULL,NULL,Bareland
797,Forest,Water,Shrubland,Water,Non_Wetland,NULL,NULL,Water
798,Forest,Water,Shrubland,Water,Non_Wetland,NULL,NULL,Forest
799,Forest,Water,Grassland,NULL,Non_Wetland,NULL,NULL,Forest
800,Forest,Water,Wetland,NULL,Wetland,NULL,NULL,Grassland
801,Forest,Water,Wetland,NULL,Wetland,NULL,NULL,Wetland
802,Forest,Water,Wetland,NULL,Wetland,NULL,NULL,Bareland
803,Forest,Water,Wetland,NULL,Wetland,NULL,NULL,Water
804,Forest,Water,Wetland,NULL,Wetland,NULL,NULL,Forest
805,Forest,Water,Wetland,Non_Water,Wetland,NULL,NULL,Grassland
806,Forest,Water,Wetland,Non_Water,Wetland,NULL,NULL,Water
807,Forest,Water,Wetland,Non_Water,Wetland,NULL,NULL,Forest
808,Forest,Water,Wetland,Water,Wetland,NULL,NULL,Wetland
809,Forest,Water,Wetland,Water,Wetland,NULL,NULL,Water
810,Forest,Water,Wetland,Water,Wetland,NULL,NULL,Forest
811,Forest,Water,Bareland,NULL,Non_Wetland,NULL,NULL,Water
812,Forest,Water,Bareland,NULL,Non_Wetland,NULL,NULL,Forest
813,Forest,Water,Bareland,Non_Water,Non_Wetland,NULL,NULL,Water
814,Forest,Water,Bareland,Non_Water,Non_Wetland,NULL,NULL,Forest
815,Forest,Water,Bareland,Water,Non_Wetland,NULL,NULL,Water
816,Forest,Water,Built-up,NULL,Non_Wetland,NULL,NULL,Water
817,Forest,Water,Built-up,NULL,Non_Wetland,NULL,NULL,Forest
818,Forest,Water,Built-up,Non_Water,Non_Wetland,NULL,NULL,Forest
819,Forest,Water,Built-up,Water,Non_Wetland,NULL,NULL,Forest
820,Forest,Water,Water,NULL,Water,NULL,NULL,Wetland
821,Forest,Water,Water,NULL,Water,NULL,NULL,Water
822,Forest,Water,Water,NULL,Water,NULL,NULL,Forest
823,Forest,Water,Water,Non_Water,Water,NULL,NULL,Wetland
824,Forest,Water,Water,Non_Water,Water,NULL,NULL,Water
825,Forest,Water,Water,Non_Water,Water,NULL,NULL,Forest
826,Forest,Water,Water,Water,Water,NULL,NULL,Grassland
827,Forest,Water,Water,Water,Water,NULL,NULL,Wetland
828,Forest,Water,Water,Water,Water,NULL,NULL,Bareland
829,Forest,Water,Water,Water,Water,NULL,NULL,Water
830,Forest,Water,Water,Water,Water,NULL,NULL,Forest
831,Forest,Water,Forest,NULL,Non_Wetland,NULL,NULL,Grassland
832,Forest,Water,Forest,NULL,Non_Wetland,NULL,NULL,Wetland
833,Forest,Water,Forest,NULL,Non_Wetland,NULL,NULL,Bareland
834,Forest,Water,Forest,NULL,Non_Wetland,NULL,NULL,Water
835,Forest,Water,Forest,NULL,Non_Wetland,NULL,NULL,Forest
836,Forest,Water,Forest,Non_Water,Non_Wetland,NULL,NULL,Grassland
837,Forest,Water,Forest,Non_Water,Non_Wetland,NULL,NULL,Bareland
838,Forest,Water,Forest,Non_Water,Non_Wetland,NULL,NULL,Water
839,Forest,Water,Forest,Non_Water,Non_Wetland,NULL,NULL,Forest
840,Forest,Water,Forest,Water,Non_Wetland,NULL,NULL,Grassland
841,Forest,Water,Forest,Water,Non_Wetland,NULL,NULL,Wetland
842,Forest,Water,Forest,Water,Non_Wetland,NULL,NULL,Bareland
843,Forest,Water,Forest,Water,Non_Wetland,NULL,NULL,Water
844,Forest,Water,Forest,Water,Non_Wetland,NULL,NULL,Forest
845,Forest,Forest,NULL,NULL,Non_Wetland,NULL,NULL,Grassland
846,Forest,Forest,NULL,NULL,Non_Wetland,NULL,NULL,Bareland
847,Forest,Forest,NULL,NULL,Non_Wetland,NULL,NULL,Forest
848,Forest,Forest,NULL,Non_Water,Non_Wetland,NULL,NULL,Grassland
849,Forest,Forest,NULL,Non_Water,Non_Wetland,NULL,NULL,Bareland
850,Forest,Forest,NULL,Non_Water,Non_Wetland,NULL,NULL,Water
851,Forest,Forest,NULL,Non_Water,Non_Wetland,NULL,NULL,Forest
852,Forest,Forest,NULL,Water,Non_Wetland,NULL,NULL,Grassland
853,Forest,Forest,NULL,Water,Non_Wetland,NULL,NULL,Forest
854,Forest,Forest,Shrubland,NULL,Non_Wetland,NULL,NULL,NULL
855,Forest,Forest,Shrubland,NULL,Non_Wetland,NULL,NULL,Grassland
856,Forest,Forest,Shrubland,NULL,Non_Wetland,NULL,NULL,Wetland
857,Forest,Forest,Shrubland,NULL,Non_Wetland,NULL,NULL,Bareland
858,Forest,Forest,Shrubland,NULL,Non_Wetland,NULL,NULL,Built-up
859,Forest,Forest,Shrubland,NULL,Non_Wetland,NULL,NULL,Water
860,Forest,Forest,Shrubland,NULL,Non_Wetland,NULL,NULL,Forest
861,Forest,Forest,Shrubland,Non_Water,Non_Wetland,NULL,NULL,Grassland
862,Forest,Forest,Shrubland,Non_Water,Non_Wetland,NULL,NULL,Bareland
863,Forest,Forest,Shrubland,Non_Water,Non_Wetland,NULL,NULL,Water
864,Forest,Forest,Shrubland,Non_Water,Non_Wetland,NULL,NULL,Forest
865,Forest,Forest,Shrubland,Water,Non_Wetland,NULL,NULL,Grassland
866,Forest,Forest,Shrubland,Water,Non_Wetland,NULL,NULL,Wetland
867,Forest,Forest,Shrubland,Water,Non_Wetland,NULL,NULL,Bareland
868,Forest,Forest,Shrubland,Water,Non_Wetland,NULL,NULL,Forest
869,Forest,Forest,Grassland,NULL,Non_Wetland,NULL,NULL,Grassland
870,Forest,Forest,Grassland,NULL,Non_Wetland,NULL,NULL,Bareland
871,Forest,Forest,Grassland,NULL,Non_Wetland,NULL,NULL,Built-up
872,Forest,Forest,Grassland,NULL,Non_Wetland,NULL,NULL,Forest
873,Forest,Forest,Grassland,Non_Water,Non_Wetland,NULL,NULL,Forest
874,Forest,Forest,Grassland,Water,Non_Wetland,NULL,NULL,Forest
875,Forest,Forest,Wetland,NULL,Wetland,NULL,NULL,Grassland
876,Forest,Forest,Wetland,NULL,Wetland,NULL,NULL,Wetland
877,Forest,Forest,Wetland,NULL,Wetland,NULL,NULL,Bareland
878,Forest,Forest,Wetland,NULL,Wetland,NULL,NULL,Water
879,Forest,Forest,Wetland,NULL,Wetland,NULL,NULL,Forest
880,Forest,Forest,Wetland,Non_Water,Wetland,NULL,NULL,Grassland
881,Forest,Forest,Wetland,Non_Water,Wetland,NULL,NULL,Bareland
882,Forest,Forest,Wetland,Non_Water,Wetland,NULL,NULL,Water
883,Forest,Forest,Wetland,Non_Water,Wetland,NULL,NULL,Forest
884,Forest,Forest,Wetland,Water,Wetland,NULL,NULL,Grassland
885,Forest,Forest,Wetland,Water,Wetland,NULL,NULL,Water
886,Forest,Forest,Wetland,Water,Wetland,NULL,NULL,Forest
887,Forest,Forest,Bareland,NULL,Non_Wetland,NULL,NULL,Grassland
888,Forest,Forest,Bareland,NULL,Non_Wetland,NULL,NULL,Forest
889,Forest,Forest,Bareland,Non_Water,Non_Wetland,NULL,NULL,Forest
890,Forest,Forest,Bareland,Water,Non_Wetland,NULL,NULL,Water
891,Forest,Forest,Bareland,Water,Non_Wetland,NULL,NULL,Forest
892,Forest,Forest,Built-up,NULL,Non_Wetland,NULL,NULL,Grassland
893,Forest,Forest,Built-up,NULL,Non_Wetland,NULL,NULL,Built-up
894,Forest,Forest,Built-up,NULL,Non_Wetland,NULL,NULL,Water
895,Forest,Forest,Built-up,NULL,Non_Wetland,NULL,NULL,Forest
896,Forest,Forest,Built-up,Non_Water,Non_Wetland,NULL,NULL,Forest
897,Forest,Forest,Built-up,Water,Non_Wetland,NULL,NULL,Forest
898,Forest,Forest,Water,NULL,Water,NULL,NULL,Grassland
899,Forest,Forest,Water,NULL,Water,NULL,NULL,Wetland
900,Forest,Forest,Water,NULL,Water,NULL,NULL,Water
901,Forest,Forest,Water,NULL,Water,NULL,NULL,Forest
902,Forest,Forest,Water,Non_Water,Water,NULL,NULL,Grassland
903,Forest,Forest,Water,Non_Water,Water,NULL,NULL,Water
904,Forest,Forest,Water,Non_Water,Water,NULL,NULL,Forest
905,Forest,Forest,Water,Water,Water,NULL,NULL,Wetland
906,Forest,Forest,Water,Water,Water,NULL,NULL,Bareland
907,Forest,Forest,Water,Water,Water,NULL,NULL,Water
908,Forest,Forest,Water,Water,Water,NULL,NULL,Forest
909,Forest,Forest,Forest,NULL,Non_Wetland,NULL,NULL,NULL
910,Forest,Forest,Forest,NULL,Non_Wetland,NULL,NULL,Grassland
911,Forest,Forest,Forest,NULL,Non_Wetland,NULL,NULL,Wetland
912,Forest,Forest,Forest,NULL,Non_Wetland,NULL,NULL,Bareland
913,Forest,Forest,Forest,NULL,Non_Wetland,NULL,NULL,Built-up
914,Forest,Forest,Forest,NULL,Non_Wetland,NULL,NULL,Water
915,Forest,Forest,Forest,NULL,Non_Wetland,NULL,NULL,Forest
916,Forest,Forest,Forest,Non_Water,Non_Wetland,NULL,NULL,Grassland
917,Forest,Forest,Forest,Non_Water,Non_Wetland,NULL,NULL,Bareland
918,Forest,Forest,Forest,Non_Water,Non_Wetland,NULL,NULL,Water
919,Forest,Forest,Forest,Non_Water,Non_Wetland,NULL,NULL,Forest
920,Forest,Forest,Forest,Water,Non_Wetland,NULL,NULL,Grassland
921,Forest,Forest,Forest,Water,Non_Wetland,NULL,NULL,Bareland
922,Forest,Forest,Forest,Water,Non_Wetland,NULL,NULL,Water
923,Forest,Forest,Forest,Water,Non_Wetland,NULL,NULL,Forest
